time	cp
2	9.48305
4	9.48358
6	9.4847
8	9.48524
10	9.48508
12	9.48513
14	9.48525
16	9.48556
18	9.48584
20	9.48556
22	9.48622
24	9.48617
26	9.48528
28	9.48586
30	9.48748
32	9.48808
34	9.48718
36	9.48666
38	9.48715
40	9.48671
42	9.48651
44	9.48722
46	9.4883
48	9.4885
50	9.48963
52	9.49007
54	9.48966
56	9.49058
58	9.4903
60	9.49054
62	9.48971
64	9.48918
66	9.4895
68	9.48946
70	9.48963
72	9.48816
74	9.48573
76	9.48436
78	9.4846
80	9.48529
82	9.48571
84	9.48652
86	9.48602
88	9.48602
90	9.48813
92	9.4883
94	9.48806
96	9.48945
98	9.49001
100	9.48997
102	9.49053
104	9.49102
106	9.49217
108	9.49156
110	9.49267
112	9.49321
114	9.49369
116	9.49335
118	9.49263
120	9.49262
122	9.4925
124	9.4937
126	9.49427
128	9.49484
130	9.49442
132	9.49328
134	9.4926
136	9.49363
138	9.49424
140	9.49444
142	9.49504
144	9.49549
146	9.49563
148	9.49615
150	9.49691
152	9.49748
154	9.49722
156	9.49624
158	9.49703
160	9.49775
162	9.49801
164	9.4982
166	9.49832
168	9.49836
170	9.49908
172	9.49906
174	9.49856
176	9.49868
178	9.49963
180	9.49997
182	9.49953
184	9.49894
186	9.49998
188	9.49948
190	9.49982
192	9.49963
194	9.49923
196	9.50005
198	9.49993
200	9.49926
202	9.49953
204	9.49936
206	9.49931
208	9.49946
210	9.5
212	9.50057
214	9.50128
216	9.50118
218	9.50082
220	9.50143
222	9.50189
224	9.50158
226	9.5019
228	9.50211
230	9.50218
232	9.50224
234	9.50204
236	9.50285
238	9.50339
240	9.50264
242	9.50229
244	9.5024
246	9.50304
248	9.50234
250	9.50335
252	9.50263
254	9.50212
256	9.50197
258	9.50256
260	9.50288
262	9.50381
264	9.50446
266	9.50495
268	9.50505
270	9.50462
272	9.50492
274	9.50549
276	9.5058
278	9.50441
280	9.50401
282	9.50419
284	9.50497
286	9.50543
288	9.50611
290	9.50696
292	9.50666
294	9.507
296	9.50733
298	9.50675
300	9.50654
302	9.50655
304	9.50665
306	9.50733
308	9.50743
310	9.5072
312	9.50789
314	9.50821
316	9.50773
318	9.50779
320	9.50772
322	9.50696
324	9.50748
326	9.50787
328	9.50807
330	9.50822
332	9.5085
334	9.50913
336	9.5088
338	9.50838
340	9.50813
342	9.50844
344	9.50946
346	9.51039
348	9.51056
350	9.50965
352	9.51047
354	9.51011
356	9.50985
358	9.51135
360	9.51073
362	9.51074
364	9.51018
366	9.50677
368	9.49746
370	9.48588
372	9.47462
374	9.46246
376	9.45006
378	9.43645
380	9.42325
382	9.41241
384	9.40379
386	9.39906
388	9.39771
390	9.39718
392	9.40057
394	9.40553
396	9.41341
398	9.42221
400	9.43201
402	9.44126
404	9.45016
406	9.45715
408	9.46391
410	9.47044
412	9.47577
414	9.4802
416	9.48389
418	9.48708
420	9.49015
422	9.4922
424	9.49377
426	9.49559
428	9.49763
430	9.50016
432	9.502
434	9.5028
436	9.50292
438	9.50471
440	9.50665
442	9.50718
444	9.50722
446	9.50828
448	9.5089
450	9.50951
452	9.51006
454	9.51124
456	9.51142
458	9.51201
460	9.51148
462	9.51207
464	9.51221
466	9.51258
468	9.51161
470	9.51139
472	9.51198
474	9.5138
476	9.5137
478	9.51386
480	9.51366
482	9.51401
484	9.51459
486	9.51555
488	9.51492
490	9.51478
492	9.51421
494	9.51516
496	9.51562
498	9.51572
500	9.51621
502	9.51619
504	9.51741
506	9.51685
508	9.51693
510	9.51688
512	9.51623
514	9.51625
516	9.51692
518	9.51744
520	9.51749
522	9.51739
524	9.51802
526	9.51893
528	9.51854
530	9.51859
532	9.51877
534	9.51902
536	9.51802
538	9.51743
540	9.51797
542	9.51862
544	9.51833
546	9.5192
548	9.51967
550	9.52036
552	9.51957
554	9.51936
556	9.51978
558	9.5202
560	9.51994
562	9.51969
564	9.51943
566	9.51941
568	9.52069
570	9.51973
572	9.52022
574	9.52054
576	9.52067
578	9.52096
580	9.52032
582	9.51935
584	9.51998
586	9.51983
588	9.52025
590	9.52065
592	9.52022
594	9.51998
596	9.51996
598	9.52009
600	9.52038
602	9.52128
604	9.52125
606	9.52069
608	9.52124
610	9.52152
612	9.52213
614	9.52252
616	9.52163
618	9.52155
620	9.52188
622	9.52294
624	9.52279
626	9.52284
628	9.52274
630	9.52218
632	9.52193
634	9.52282
636	9.5239
638	9.52454
640	9.5237
642	9.5234
644	9.52296
646	9.52224
648	9.52174
650	9.52247
652	9.52311
654	9.52293
656	9.52376
658	9.52426
660	9.5244
662	9.52421
664	9.5237
666	9.52405
668	9.5236
670	9.52322
672	9.5236
674	9.524
676	9.52444
678	9.52392
680	9.52393
682	9.52384
684	9.52376
686	9.52469
688	9.52507
690	9.52531
692	9.52529
694	9.52531
696	9.525
698	9.52448
700	9.52407
702	9.52398
704	9.52477
706	9.52529
708	9.52545
710	9.52548
712	9.52576
714	9.52628
716	9.52705
718	9.52686
720	9.52627
722	9.52594
724	9.52423
726	9.51962
728	9.51189
730	9.50387
732	9.494
734	9.48209
736	9.46932
738	9.45765
740	9.44635
742	9.43558
744	9.42719
746	9.4218
748	9.41985
750	9.41934
752	9.4214
754	9.4264
756	9.43399
758	9.44208
760	9.45
762	9.45861
764	9.46683
766	9.47398
768	9.47959
770	9.48533
772	9.49105
774	9.49605
776	9.4998
778	9.50357
780	9.50652
782	9.50835
784	9.51085
786	9.51239
788	9.5139
790	9.51583
792	9.51638
794	9.51827
796	9.52
798	9.51969
800	9.52178
802	9.52306
804	9.52396
806	9.52407
808	9.524
810	9.52405
812	9.52507
814	9.5255
816	9.52616
818	9.52629
820	9.52679
822	9.52772
824	9.52777
826	9.5285
828	9.52942
830	9.52998
832	9.53026
834	9.52938
836	9.53021
838	9.53062
840	9.53068
842	9.53074
844	9.53151
846	9.53078
848	9.53068
850	9.53122
852	9.531
854	9.53107
856	9.53117
858	9.52958
860	9.52974
862	9.53016
864	9.53046
866	9.53088
868	9.53268
870	9.53187
872	9.53158
874	9.53141
876	9.53146
878	9.53116
880	9.53163
882	9.53119
884	9.53204
886	9.53263
888	9.53305
890	9.53213
892	9.533
894	9.53297
896	9.5323
898	9.53249
900	9.53269
902	9.53266
904	9.53293
906	9.53317
908	9.53363
910	9.53444
912	9.53486
914	9.53468
916	9.53473
918	9.53441
920	9.53415
922	9.53417
924	9.53492
926	9.53494
928	9.53517
930	9.53498
932	9.53521
934	9.53544
936	9.53528
938	9.53438
940	9.53412
942	9.53479
944	9.53527
946	9.53437
948	9.53521
950	9.5351
952	9.53533
954	9.53481
956	9.53471
958	9.5355
960	9.53545
962	9.53402
964	9.53432
966	9.53524
968	9.53541
970	9.53574
972	9.53489
974	9.53472
976	9.53512
978	9.53543
980	9.53629
982	9.53667
984	9.53713
986	9.53685
988	9.53682
990	9.5363
992	9.53591
994	9.53551
996	9.5363
998	9.53665
1000	9.53584
1002	9.53607
1004	9.53728
1006	9.53742
1008	9.53687
1010	9.53699
1012	9.53773
1014	9.53805
1016	9.53807
1018	9.5381
1020	9.53819
1022	9.5385
1024	9.53834
1026	9.53794
1028	9.53777
1030	9.53807
1032	9.53797
1034	9.53799
1036	9.5379
1038	9.53836
1040	9.53908
1042	9.53801
1044	9.53792
1046	9.53808
1048	9.53829
1050	9.53819
1052	9.53731
1054	9.53763
1056	9.53718
1058	9.53725
1060	9.53792
1062	9.53874
1064	9.54
1066	9.53966
1068	9.54029
1070	9.53977
1072	9.53969
1074	9.53912
1076	9.53897
1078	9.53962
1080	9.54051
1082	9.54023
1084	9.53978
1086	9.53572
1088	9.52678
1090	9.51863
1092	9.51037
1094	9.50048
1096	9.48901
1098	9.47789
1100	9.46621
1102	9.45569
1104	9.4481
1106	9.44228
1108	9.44035
1110	9.4395
1112	9.4403
1114	9.44344
1116	9.44978
1118	9.45764
1120	9.46637
1122	9.47396
1124	9.48087
1126	9.48772
1128	9.49474
1130	9.50112
1132	9.50543
1134	9.50949
1136	9.51349
1138	9.51737
1140	9.52012
1142	9.52167
1144	9.52299
1146	9.5258
1148	9.52772
1150	9.52914
1152	9.53112
1154	9.53242
1156	9.5335
1158	9.53407
1160	9.53494
1162	9.53567
1164	9.53614
1166	9.53614
1168	9.53662
1170	9.53789
1172	9.5381
1174	9.53869
1176	9.53929
1178	9.54049
1180	9.54093
1182	9.54062
1184	9.54115
1186	9.54123
1188	9.54136
1190	9.54087
1192	9.54073
1194	9.54083
1196	9.54144
1198	9.54106
1200	9.54119
1202	9.54128
1204	9.54122
1206	9.54166
1208	9.54199
1210	9.54213
1212	9.54254
1214	9.54256
1216	9.54312
1218	9.54373
1220	9.54308
1222	9.543
1224	9.5441
1226	9.54534
1228	9.54461
1230	9.54381
1232	9.54359
1234	9.54382
1236	9.54435
1238	9.544
1240	9.54517
1242	9.54629
1244	9.54528
1246	9.54413
1248	9.54391
1250	9.54372
1252	9.54474
1254	9.54483
1256	9.54544
1258	9.54529
1260	9.54536
1262	9.54572
1264	9.54569
1266	9.54548
1268	9.54646
1270	9.54698
1272	9.5459
1274	9.54562
1276	9.54639
1278	9.54643
1280	9.54661
1282	9.54546
1284	9.54423
1286	9.5441
1288	9.54516
1290	9.54528
1292	9.54591
1294	9.54624
1296	9.54558
1298	9.54546
1300	9.54574
1302	9.54656
1304	9.54667
1306	9.54673
1308	9.547
1310	9.5463
1312	9.54579
1314	9.54612
1316	9.54666
1318	9.54694
1320	9.54651
1322	9.54731
1324	9.54678
1326	9.5472
1328	9.54742
1330	9.54757
1332	9.54804
1334	9.54805
1336	9.54776
1338	9.54668
1340	9.54642
1342	9.54694
1344	9.54713
1346	9.54752
1348	9.54715
1350	9.54709
1352	9.54757
1354	9.54742
1356	9.54792
1358	9.5482
1360	9.54903
1362	9.54806
1364	9.54824
1366	9.54882
1368	9.54902
1370	9.54926
1372	9.54992
1374	9.54965
1376	9.55027
1378	9.5491
1380	9.54916
1382	9.549
1384	9.54862
1386	9.54871
1388	9.5485
1390	9.54892
1392	9.54842
1394	9.54873
1396	9.54895
1398	9.54921
1400	9.54929
1402	9.54957
1404	9.54885
1406	9.54791
1408	9.54883
1410	9.54983
1412	9.54934
1414	9.54912
1416	9.5494
1418	9.5495
1420	9.55011
1422	9.55051
1424	9.5506
1426	9.54991
1428	9.54974
1430	9.55001
1432	9.55029
1434	9.55049
1436	9.55081
1438	9.55083
1440	9.55137
1442	9.5502
1444	9.54965
1446	9.54755
1448	9.54064
1450	9.53271
1452	9.52456
1454	9.515
1456	9.5044
1458	9.494
1460	9.48354
1462	9.47457
1464	9.46731
1466	9.46162
1468	9.45981
1470	9.45904
1472	9.45931
1474	9.4618
1476	9.46651
1478	9.47372
1480	9.48167
1482	9.48938
1484	9.49567
1486	9.50164
1488	9.50704
1490	9.51266
1492	9.51764
1494	9.52156
1496	9.52486
1498	9.5284
1500	9.53128
1502	9.53378
1504	9.5353
1506	9.53612
1508	9.53791
1510	9.53972
1512	9.53997
1514	9.54105
1516	9.5427
1518	9.54401
1520	9.54546
1522	9.54594
1524	9.54633
1526	9.54665
1528	9.54702
1530	9.54712
1532	9.548
1534	9.54793
1536	9.54979
1538	9.55054
1540	9.55036
1542	9.55115
1544	9.55137
1546	9.5516
1548	9.55181
1550	9.55175
1552	9.55071
1554	9.55127
1556	9.55239
1558	9.55306
1560	9.55296
1562	9.5536
1564	9.55381
1566	9.55322
1568	9.55353
1570	9.554
1572	9.55427
1574	9.55499
1576	9.55464
1578	9.55395
1580	9.55396
1582	9.55433
1584	9.55421
1586	9.5533
1588	9.5543
1590	9.55538
1592	9.55456
1594	9.55442
1596	9.55509
1598	9.55507
1600	9.55556
1602	9.55598
1604	9.55549
1606	9.55568
1608	9.55521
1610	9.55576
1612	9.55632
1614	9.55533
1616	9.55537
1618	9.55554
1620	9.55517
1622	9.55569
1624	9.55643
1626	9.55696
1628	9.55651
1630	9.5561
1632	9.55655
1634	9.55655
1636	9.55615
1638	9.55597
1640	9.55625
1642	9.55663
1644	9.55644
1646	9.55639
1648	9.55654
1650	9.55632
1652	9.55647
1654	9.55584
1656	9.55593
1658	9.55756
1660	9.55762
1662	9.5574
1664	9.556
1666	9.55666
1668	9.55673
1670	9.5573
1672	9.55798
1674	9.55777
1676	9.5574
1678	9.55795
1680	9.55823
1682	9.55754
1684	9.5572
1686	9.55742
1688	9.55682
1690	9.55648
1692	9.55757
1694	9.55812
1696	9.55831
1698	9.55824
1700	9.55802
1702	9.55753
1704	9.55822
1706	9.55773
1708	9.5576
1710	9.55796
1712	9.55773
1714	9.55883
1716	9.5588
1718	9.55881
1720	9.55934
1722	9.55933
1724	9.55821
1726	9.55856
1728	9.55889
1730	9.55885
1732	9.55857
1734	9.55921
1736	9.5587
1738	9.55923
1740	9.5598
1742	9.55969
1744	9.56004
1746	9.5593
1748	9.55888
1750	9.55943
1752	9.56021
1754	9.56066
1756	9.56003
1758	9.55896
1760	9.55959
1762	9.55943
1764	9.5602
1766	9.56002
1768	9.55975
1770	9.5601
1772	9.56041
1774	9.56035
1776	9.56025
1778	9.55991
1780	9.56007
1782	9.55969
1784	9.5592
1786	9.55935
1788	9.55966
1790	9.56027
1792	9.56008
1794	9.55996
1796	9.56113
1798	9.55991
1800	9.55966
1802	9.56048
1804	9.55928
1806	9.5564
1808	9.55118
1810	9.54509
1812	9.53885
1814	9.53035
1816	9.5213
1818	9.5116
1820	9.50205
1822	9.4946
1824	9.48756
1826	9.48285
1828	9.47993
1830	9.47803
1832	9.47747
1834	9.47909
1836	9.48438
1838	9.48978
1840	9.4961
1842	9.50241
1844	9.50936
1846	9.51497
1848	9.52123
1850	9.52581
1852	9.53014
1854	9.53448
1856	9.53772
1858	9.54027
1860	9.54218
1862	9.54396
1864	9.54599
1866	9.54827
1868	9.5498
1870	9.55057
1872	9.55206
1874	9.5517
1876	9.55247
1878	9.55357
1880	9.55546
1882	9.55635
1884	9.55774
1886	9.55794
1888	9.55808
1890	9.55803
1892	9.55856
1894	9.55992
1896	9.56056
1898	9.56099
1900	9.56172
1902	9.56107
1904	9.56019
1906	9.56016
1908	9.56071
1910	9.5607
1912	9.56171
1914	9.56291
1916	9.56274
1918	9.56269
1920	9.56228
1922	9.56304
1924	9.56336
1926	9.56357
1928	9.56351
1930	9.56481
1932	9.56371
1934	9.56392
1936	9.56344
1938	9.56363
1940	9.56398
1942	9.56447
1944	9.56405
1946	9.56408
1948	9.56323
1950	9.56325
1952	9.56354
1954	9.56404
1956	9.56483
1958	9.565
1960	9.5655
1962	9.56648
1964	9.56599
1966	9.56573
1968	9.56531
1970	9.56579
1972	9.56571
1974	9.56511
1976	9.56521
1978	9.56618
1980	9.56598
1982	9.566
1984	9.56528
1986	9.56525
1988	9.56595
1990	9.56623
1992	9.56668
1994	9.56693
1996	9.56698
1998	9.56768
2000	9.5674
2002	9.56599
2004	9.56553
2006	9.56622
2008	9.56519
2010	9.56532
2012	9.56566
2014	9.56617
2016	9.56633
2018	9.56676
2020	9.56659
2022	9.56567
2024	9.566
2026	9.56672
2028	9.56643
2030	9.56776
2032	9.56781
2034	9.5671
2036	9.56778
2038	9.56778
2040	9.56698
2042	9.56667
2044	9.56691
2046	9.56785
2048	9.5681
2050	9.56744
2052	9.5669
2054	9.56573
2056	9.56661
2058	9.56687
2060	9.56753
2062	9.56758
2064	9.56725
2066	9.56732
2068	9.56698
2070	9.56735
2072	9.56746
2074	9.56756
2076	9.56741
2078	9.56641
2080	9.56752
2082	9.56839
2084	9.56874
2086	9.56921
2088	9.56908
2090	9.56821
2092	9.56788
2094	9.56834
2096	9.56786
2098	9.56842
2100	9.56794
2102	9.56799
2104	9.56787
2106	9.56746
2108	9.56717
2110	9.56772
2112	9.56801
2114	9.56874
2116	9.56952
2118	9.56908
2120	9.56908
2122	9.56814
2124	9.56704
2126	9.5679
2128	9.56867
2130	9.56905
2132	9.56975
2134	9.57022
2136	9.57012
2138	9.57002
2140	9.56949
2142	9.56901
2144	9.56906
2146	9.56915
2148	9.56867
2150	9.56909
2152	9.56871
2154	9.56915
2156	9.56886
2158	9.56905
2160	9.56867
2162	9.56877
2164	9.56889
2166	9.56666
2168	9.56049
2170	9.55519
2172	9.54935
2174	9.54312
2176	9.53538
2178	9.52715
2180	9.51858
2182	9.51059
2184	9.50432
2186	9.50084
2188	9.50038
2190	9.49892
2192	9.49689
2194	9.49852
2196	9.50161
2198	9.50572
2200	9.51179
2202	9.51755
2204	9.52226
2206	9.52763
2208	9.53332
2210	9.53815
2212	9.54116
2214	9.54386
2216	9.54639
2218	9.54883
2220	9.55144
2222	9.55446
2224	9.55559
2226	9.55756
2228	9.55958
2230	9.56071
2232	9.56171
2234	9.56235
2236	9.56329
2238	9.56459
2240	9.56523
2242	9.56508
2244	9.56608
2246	9.56741
2248	9.56712
2250	9.56686
2252	9.56786
2254	9.56756
2256	9.56915
2258	9.57037
2260	9.57089
2262	9.57052
2264	9.56955
2266	9.56921
2268	9.57029
2270	9.57091
2272	9.57113
2274	9.57137
2276	9.5716
2278	9.57154
2280	9.57123
2282	9.57193
2284	9.57103
2286	9.5703
2288	9.57153
2290	9.57183
2292	9.57234
2294	9.57156
2296	9.57097
2298	9.57131
2300	9.57096
2302	9.57032
2304	9.57146
2306	9.57235
2308	9.57208
2310	9.57162
2312	9.57186
2314	9.57154
2316	9.57222
2318	9.57319
2320	9.57385
2322	9.57387
2324	9.57432
2326	9.57415
2328	9.57443
2330	9.57466
2332	9.57382
2334	9.57347
2336	9.57275
2338	9.57339
2340	9.57282
2342	9.57316
2344	9.57358
2346	9.57334
2348	9.57324
2350	9.57288
2352	9.57256
2354	9.57335
2356	9.57426
2358	9.57417
2360	9.57436
2362	9.57547
2364	9.57589
2366	9.57586
2368	9.57571
2370	9.57502
2372	9.57453
2374	9.5743
2376	9.57331
2378	9.57213
2380	9.57359
2382	9.57457
2384	9.575
2386	9.57507
2388	9.57501
2390	9.57522
2392	9.5758
2394	9.57585
2396	9.57517
2398	9.57546
2400	9.57628
2402	9.57638
2404	9.57553
2406	9.57508
2408	9.57469
2410	9.57473
2412	9.57517
2414	9.57574
2416	9.57564
2418	9.57544
2420	9.57578
2422	9.57624
2424	9.57618
2426	9.57484
2428	9.57499
2430	9.57568
2432	9.57568
2434	9.5765
2436	9.57632
2438	9.57592
2440	9.57604
2442	9.57657
2444	9.5767
2446	9.57662
2448	9.5763
2450	9.57664
2452	9.5774
2454	9.57624
2456	9.57503
2458	9.57565
2460	9.57495
2462	9.57488
2464	9.57537
2466	9.57574
2468	9.57602
2470	9.57626
2472	9.57628
2474	9.5773
2476	9.5767
2478	9.57652
2480	9.57645
2482	9.57727
2484	9.57767
2486	9.57662
2488	9.57772
2490	9.57818
2492	9.57829
2494	9.57738
2496	9.57727
2498	9.57642
2500	9.57653
2502	9.57664
2504	9.57695
2506	9.57682
2508	9.57625
2510	9.57612
2512	9.5768
2514	9.5769
2516	9.57746
2518	9.57801
2520	9.57763
2522	9.57753
2524	9.57646
2526	9.57567
2528	9.57152
2530	9.56571
2532	9.56124
2534	9.55579
2536	9.54869
2538	9.54072
2540	9.53419
2542	9.52724
2544	9.52255
2546	9.51923
2548	9.5172
2550	9.51563
2552	9.51477
2554	9.5151
2556	9.51737
2558	9.5214
2560	9.52617
2562	9.52982
2564	9.53418
2566	9.5399
2568	9.54516
2570	9.54955
2572	9.55374
2574	9.55628
2576	9.55805
2578	9.55909
2580	9.56164
2582	9.56379
2584	9.56584
2586	9.56775
2588	9.56856
2590	9.56909
2592	9.5709
2594	9.57179
2596	9.57229
2598	9.57234
2600	9.57216
2602	9.57266
2604	9.57402
2606	9.57502
2608	9.57534
2610	9.57576
2612	9.5753
2614	9.57545
2616	9.57705
2618	9.57716
2620	9.57604
2622	9.57656
2624	9.5785
2626	9.57928
2628	9.57889
2630	9.57886
2632	9.57904
2634	9.57852
2636	9.57811
2638	9.57795
2640	9.5786
2642	9.57898
2644	9.57941
2646	9.58035
2648	9.58055
2650	9.58011
2652	9.58017
2654	9.58065
2656	9.58108
2658	9.58076
2660	9.58033
2662	9.57992
2664	9.58073
2666	9.58114
2668	9.58171
2670	9.58194
2672	9.58191
2674	9.58206
2676	9.58098
2678	9.5799
2680	9.58039
2682	9.58101
2684	9.58103
2686	9.58089
2688	9.5811
2690	9.58095
2692	9.57976
2694	9.57921
2696	9.5799
2698	9.58018
2700	9.58059
2702	9.58085
2704	9.5815
2706	9.5813
2708	9.58065
2710	9.58061
2712	9.58155
2714	9.58208
2716	9.58189
2718	9.58167
2720	9.58175
2722	9.58198
2724	9.58215
2726	9.58193
2728	9.58234
2730	9.58179
2732	9.58159
2734	9.58219
2736	9.58304
2738	9.5825
2740	9.58212
2742	9.58238
2744	9.58251
2746	9.58186
2748	9.58214
2750	9.58336
2752	9.58229
2754	9.5824
2756	9.58323
2758	9.58258
2760	9.58253
2762	9.58173
2764	9.58111
2766	9.58084
2768	9.58169
2770	9.58222
2772	9.58298
2774	9.58273
2776	9.58219
2778	9.58216
2780	9.58169
2782	9.58171
2784	9.5822
2786	9.58335
2788	9.58264
2790	9.58229
2792	9.58258
2794	9.583
2796	9.58321
2798	9.58297
2800	9.58236
2802	9.58181
2804	9.58276
2806	9.58252
2808	9.5834
2810	9.58315
2812	9.58348
2814	9.58302
2816	9.58287
2818	9.5829
2820	9.58279
2822	9.58342
2824	9.58432
2826	9.58467
2828	9.58413
2830	9.58358
2832	9.58338
2834	9.5841
2836	9.58359
2838	9.58411
2840	9.58442
2842	9.58436
2844	9.58454
2846	9.58553
2848	9.58498
2850	9.58411
2852	9.58468
2854	9.58483
2856	9.58497
2858	9.58512
2860	9.58561
2862	9.58572
2864	9.585
2866	9.58397
2868	9.58473
2870	9.58554
2872	9.58438
2874	9.58447
2876	9.58426
2878	9.58446
2880	9.58481
2882	9.58495
2884	9.58436
2886	9.58167
2888	9.57766
2890	9.57332
2892	9.57004
2894	9.56526
2896	9.56059
2898	9.55578
2900	9.54942
2902	9.54352
2904	9.54026
2906	9.53779
2908	9.5371
2910	9.53553
2912	9.53441
2914	9.53542
2916	9.53825
2918	9.54101
2920	9.54422
2922	9.54799
2924	9.55164
2926	9.55477
2928	9.55846
2930	9.5612
2932	9.56378
2934	9.56652
2936	9.56912
2938	9.57084
2940	9.57149
2942	9.57331
2944	9.57414
2946	9.57539
2948	9.57644
2950	9.57726
2952	9.57817
2954	9.57872
2956	9.5803
2958	9.58122
2960	9.58147
2962	9.58174
2964	9.58245
2966	9.58148
2968	9.58159
2970	9.58202
2972	9.58294
2974	9.58383
2976	9.58422
2978	9.58343
2980	9.58405
2982	9.585
2984	9.58449
2986	9.58443
2988	9.58453
2990	9.58489
2992	9.58634
2994	9.58681
2996	9.58704
2998	9.58683
3000	9.58602
3002	9.58691
3004	9.5877
3006	9.58728
3008	9.58689
3010	9.58707
3012	9.58765
3014	9.58703
3016	9.58602
3018	9.5863
3020	9.58735
3022	9.58719
3024	9.5872
3026	9.58678
3028	9.58662
3030	9.58755
3032	9.58805
3034	9.58797
3036	9.58774
3038	9.588
3040	9.58829
3042	9.58731
3044	9.58797
3046	9.58786
3048	9.58721
3050	9.5874
3052	9.58799
3054	9.58849
3056	9.58776
3058	9.5877
3060	9.58863
3062	9.58829
3064	9.58816
3066	9.58843
3068	9.58839
3070	9.58912
3072	9.58911
3074	9.58928
3076	9.58915
3078	9.58827
3080	9.58885
3082	9.58862
3084	9.58768
3086	9.58797
3088	9.58859
3090	9.5882
3092	9.58861
3094	9.58873
3096	9.58839
3098	9.58846
3100	9.58888
3102	9.58886
3104	9.588
3106	9.58776
3108	9.58862
3110	9.58882
3112	9.5885
3114	9.58791
3116	9.58871
3118	9.58922
3120	9.58974
3122	9.58951
3124	9.58857
3126	9.58831
3128	9.58808
3130	9.58888
3132	9.58889
3134	9.58816
3136	9.5882
3138	9.58915
3140	9.58942
3142	9.58947
3144	9.5885
3146	9.5886
3148	9.58949
3150	9.58957
3152	9.59042
3154	9.59071
3156	9.59045
3158	9.59053
3160	9.59092
3162	9.59074
3164	9.58993
3166	9.59043
3168	9.59069
3170	9.59016
3172	9.58962
3174	9.58959
3176	9.58993
3178	9.58931
3180	9.58883
3182	9.5893
3184	9.58972
3186	9.5904
3188	9.59061
3190	9.59055
3192	9.59087
3194	9.59096
3196	9.59188
3198	9.59114
3200	9.59038
3202	9.59005
3204	9.59054
3206	9.59086
3208	9.59089
3210	9.59116
3212	9.59061
3214	9.59031
3216	9.59013
3218	9.59135
3220	9.59207
3222	9.59093
3224	9.59093
3226	9.59129
3228	9.59186
3230	9.59161
3232	9.59149
3234	9.59137
3236	9.5919
3238	9.592
3240	9.59254
3242	9.5925
3244	9.59185
3246	9.59094
3248	9.58791
3250	9.58344
3252	9.5806
3254	9.57728
3256	9.57329
3258	9.56848
3260	9.56381
3262	9.55904
3264	9.55523
3266	9.55303
3268	9.55321
3270	9.55297
3272	9.55127
3274	9.54956
3276	9.55017
3278	9.55222
3280	9.55543
3282	9.55956
3284	9.56251
3286	9.56568
3288	9.56843
3290	9.57138
3292	9.57367
3294	9.57542
3296	9.5772
3298	9.57871
3300	9.5807
3302	9.5818
3304	9.58228
3306	9.58405
3308	9.58419
3310	9.58402
3312	9.58535
3314	9.58596
3316	9.5862
3318	9.58779
3320	9.58877
3322	9.58863
3324	9.58873
3326	9.58908
3328	9.59047
3330	9.59075
3332	9.59114
3334	9.592
3336	9.59206
3338	9.59144
3340	9.59137
3342	9.59154
3344	9.59206
3346	9.59189
3348	9.59196
3350	9.59292
3352	9.59298
3354	9.59318
3356	9.59326
3358	9.59318
3360	9.59261
3362	9.59198
3364	9.59257
3366	9.59292
3368	9.59268
3370	9.59253
3372	9.59283
3374	9.59186
3376	9.59223
3378	9.593
3380	9.59348
3382	9.59276
3384	9.59299
3386	9.59313
3388	9.59315
3390	9.59323
3392	9.59334
3394	9.59361
3396	9.59378
3398	9.59381
3400	9.59513
3402	9.59544
3404	9.59454
3406	9.59476
3408	9.59528
3410	9.59573
3412	9.59517
3414	9.59437
3416	9.59483
3418	9.59512
3420	9.59484
3422	9.59522
3424	9.59509
3426	9.59533
3428	9.59573
3430	9.596
3432	9.59621
3434	9.59558
3436	9.59545
3438	9.59536
3440	9.59534
3442	9.5963
3444	9.59613
3446	9.59551
3448	9.5955
3450	9.59499
3452	9.59479
3454	9.59486
3456	9.59517
3458	9.5948
3460	9.5951
3462	9.59581
3464	9.5961
3466	9.59599
3468	9.59612
3470	9.59557
3472	9.59553
3474	9.59529
3476	9.59564
3478	9.59592
3480	9.59613
3482	9.59585
3484	9.59567
3486	9.59541
3488	9.59603
3490	9.59549
3492	9.59414
3494	9.59415
3496	9.59539
3498	9.59605
3500	9.59657
3502	9.5964
3504	9.59604
3506	9.59643
3508	9.59625
3510	9.59605
3512	9.59626
3514	9.59735
3516	9.59805
3518	9.59733
3520	9.59683
3522	9.59725
3524	9.59775
3526	9.59783
3528	9.59677
3530	9.59685
3532	9.59605
3534	9.59591
3536	9.59549
3538	9.59608
3540	9.59606
3542	9.59609
3544	9.59637
3546	9.59572
3548	9.59637
3550	9.59557
3552	9.59578
3554	9.5962
3556	9.59685
3558	9.59668
3560	9.59641
3562	9.59697
3564	9.59782
3566	9.59734
3568	9.59779
3570	9.59806
3572	9.59736
3574	9.5969
3576	9.59787
3578	9.59845
3580	9.59866
3582	9.59825
3584	9.59779
3586	9.59727
3588	9.5974
3590	9.59781
3592	9.59805
3594	9.59877
3596	9.59792
3598	9.59756
3600	9.59721
3602	9.59806
3604	9.59802
3606	9.59639
3608	9.59384
3610	9.59077
3612	9.58799
3614	9.58454
3616	9.58262
3618	9.57932
3620	9.57581
3622	9.57202
3624	9.56932
3626	9.56914
3628	9.56827
3630	9.56757
3632	9.56718
3634	9.56636
3636	9.56716
3638	9.56876
3640	9.57
3642	9.57211
3644	9.57442
3646	9.5767
3648	9.57921
3650	9.58169
3652	9.58322
3654	9.58529
3656	9.58697
3658	9.58812
3660	9.58943
3662	9.58965
3664	9.59086
3666	9.59126
3668	9.59192
3670	9.5919
3672	9.59188
3674	9.59296
3676	9.59338
3678	9.5938
3680	9.59408
3682	9.59456
3684	9.59607
3686	9.59644
3688	9.59709
3690	9.59756
3692	9.59698
3694	9.5968
3696	9.59657
3698	9.59636
3700	9.59798
3702	9.59847
3704	9.59873
3706	9.59816
3708	9.59796
3710	9.59834
3712	9.59802
3714	9.59931
3716	9.59841
3718	9.59897
3720	9.59844
3722	9.5984
3724	9.59822
3726	9.59849
3728	9.59827
3730	9.5979
3732	9.59838
3734	9.59806
3736	9.59829
3738	9.59944
3740	9.59871
3742	9.59843
3744	9.59938
3746	9.59903
3748	9.59877
3750	9.59958
3752	9.60006
3754	9.5996
3756	9.59938
3758	9.59962
3760	9.60043
3762	9.60023
3764	9.59987
3766	9.59982
3768	9.60031
3770	9.60033
3772	9.60023
3774	9.60015
3776	9.60077
3778	9.60041
3780	9.59967
3782	9.59891
3784	9.59931
3786	9.59987
3788	9.5998
3790	9.59836
3792	9.59846
3794	9.59952
3796	9.60002
3798	9.6009
3800	9.60048
3802	9.60057
3804	9.60097
3806	9.60061
3808	9.60047
3810	9.60035
3812	9.6006
3814	9.60058
3816	9.60143
3818	9.60128
3820	9.60128
3822	9.60101
3824	9.60066
3826	9.60039
3828	9.60054
3830	9.59962
3832	9.59985
3834	9.60039
3836	9.60087
3838	9.60136
3840	9.60102
3842	9.60126
3844	9.60148
3846	9.60162
3848	9.60137
3850	9.60133
3852	9.60226
3854	9.60219
3856	9.60194
3858	9.60233
3860	9.60318
3862	9.60403
3864	9.60364
3866	9.60344
3868	9.60291
3870	9.60245
3872	9.60327
3874	9.60348
3876	9.60234
3878	9.60218
3880	9.60149
3882	9.60169
3884	9.60149
3886	9.60098
3888	9.60064
3890	9.60097
3892	9.60122
3894	9.60113
3896	9.60137
3898	9.60063
3900	9.60013
3902	9.60083
3904	9.6014
3906	9.60127
3908	9.6021
3910	9.60181
3912	9.6021
3914	9.60188
3916	9.60192
3918	9.60125
3920	9.60175
3922	9.60295
3924	9.60387
3926	9.60285
3928	9.60248
3930	9.60346
3932	9.60341
3934	9.60272
3936	9.60197
3938	9.60228
3940	9.60188
3942	9.60093
3944	9.6018
3946	9.60251
3948	9.60221
3950	9.60245
3952	9.60237
3954	9.60273
3956	9.60225
3958	9.60305
3960	9.60315
3962	9.60334
3964	9.60269
3966	9.60067
3968	9.59824
3970	9.59606
3972	9.59462
3974	9.59243
3976	9.59005
3978	9.5891
3980	9.58705
3982	9.58392
3984	9.58122
3986	9.58151
3988	9.58242
3990	9.58288
3992	9.58193
3994	9.58094
3996	9.58077
3998	9.58106
4000	9.58201
4002	9.58392
4004	9.58619
4006	9.58824
4008	9.59011
4010	9.59173
4012	9.59313
4014	9.59343
4016	9.59353
4018	9.59442
4020	9.59579
4022	9.59632
4024	9.59718
4026	9.59809
4028	9.59851
4030	9.59879
4032	9.59862
4034	9.59891
4036	9.59974
4038	9.60029
4040	9.60106
4042	9.60123
4044	9.60136
4046	9.6011
4048	9.60182
4050	9.60193
4052	9.60178
4054	9.60126
4056	9.602
4058	9.60239
4060	9.60294
4062	9.60377
4064	9.60439
4066	9.60364
4068	9.60308
4070	9.6032
4072	9.60276
4074	9.6025
4076	9.60222
4078	9.60195
4080	9.60292
4082	9.60332
4084	9.60434
4086	9.60375
4088	9.60341
4090	9.60395
4092	9.60476
4094	9.60486
4096	9.60452
4098	9.60364
4100	9.60315
4102	9.60392
4104	9.60433
4106	9.60485
4108	9.6046
4110	9.60427
4112	9.60447
4114	9.60439
4116	9.60338
4118	9.60395
4120	9.60452
4122	9.60381
4124	9.60406
4126	9.60522
4128	9.60452
4130	9.60384
4132	9.60381
4134	9.60437
4136	9.60496
4138	9.60526
4140	9.60597
4142	9.6055
4144	9.60517
4146	9.60512
4148	9.60464
4150	9.60491
4152	9.60525
4154	9.60491
4156	9.60521
4158	9.60535
4160	9.60498
4162	9.60418
4164	9.60347
4166	9.60401
4168	9.60461
4170	9.60478
4172	9.60558
4174	9.6052
4176	9.60488
4178	9.60509
4180	9.6054
4182	9.60552
4184	9.60603
4186	9.60587
4188	9.60636
4190	9.60637
4192	9.60649
4194	9.60671
4196	9.6068
4198	9.60599
4200	9.60637
4202	9.60658
4204	9.60654
4206	9.60662
4208	9.60658
4210	9.60584
4212	9.6058
4214	9.60587
4216	9.60537
4218	9.6062
4220	9.60598
4222	9.60601
4224	9.60694
4226	9.6064
4228	9.60611
4230	9.60597
4232	9.60599
4234	9.60716
4236	9.60755
4238	9.60748
4240	9.60809
4242	9.6081
4244	9.60774
4246	9.60766
4248	9.60781
4250	9.6073
4252	9.60769
4254	9.60792
4256	9.60768
4258	9.60776
4260	9.60741
4262	9.60758
4264	9.60621
4266	9.60612
4268	9.60756
4270	9.60725
4272	9.60702
4274	9.60718
4276	9.60797
4278	9.60765
4280	9.60696
4282	9.60748
4284	9.60665
4286	9.60687
4288	9.6074
4290	9.60748
4292	9.6075
4294	9.60875
4296	9.60852
4298	9.60845
4300	9.60773
4302	9.60724
4304	9.60839
4306	9.60867
4308	9.6089
4310	9.60891
4312	9.60803
4314	9.60818
4316	9.60843
4318	9.60876
4320	9.60814
4322	9.60844
4324	9.60796
4326	9.60596
4328	9.60349
4330	9.60065
4332	9.59967
4334	9.59889
4336	9.59781
4338	9.59602
4340	9.59616
4342	9.59568
4344	9.59484
4346	9.59463
4348	9.59581
4350	9.59595
4352	9.59454
4354	9.59363
4356	9.59339
4358	9.59425
4360	9.59476
4362	9.59585
4364	9.59765
4366	9.59903
4368	9.59957
4370	9.60074
4372	9.60259
4374	9.60386
4376	9.60404
4378	9.60412
4380	9.60443
4382	9.60487
4384	9.60564
4386	9.60726
4388	9.60803
4390	9.60653
4392	9.60605
4394	9.60581
4396	9.60644
4398	9.60718
4400	9.60773
4402	9.60708
4404	9.60707
4406	9.60709
4408	9.60761
4410	9.6084
4412	9.60852
4414	9.60841
4416	9.60828
4418	9.60812
4420	9.60863
4422	9.60863
4424	9.60827
4426	9.60865
4428	9.60857
4430	9.60808
4432	9.60886
4434	9.60862
4436	9.60826
4438	9.60826
4440	9.60806
4442	9.6083
4444	9.60799
4446	9.60822
4448	9.60794
4450	9.60819
4452	9.6094
4454	9.61027
4456	9.60968
4458	9.60902
4460	9.60901
4462	9.60944
4464	9.60951
4466	9.60906
4468	9.60926
4470	9.60954
4472	9.60899
4474	9.60929
4476	9.6085
4478	9.60911
4480	9.609
4482	9.6086
4484	9.60925
4486	9.60983
4488	9.61034
4490	9.60933
4492	9.61026
4494	9.61042
4496	9.6098
4498	9.6104
4500	9.61091
4502	9.61182
4504	9.61197
4506	9.61171
4508	9.61149
4510	9.61185
4512	9.61108
4514	9.6109
4516	9.61049
4518	9.61088
4520	9.61076
4522	9.6101
4524	9.60928
4526	9.61051
4528	9.61042
4530	9.61114
4532	9.61074
4534	9.6103
4536	9.61002
4538	9.60971
4540	9.61045
4542	9.61044
4544	9.61015
4546	9.60955
4548	9.60955
4550	9.61019
4552	9.6104
4554	9.61063
4556	9.61043
4558	9.61059
4560	9.60996
4562	9.60979
4564	9.61076
4566	9.61081
4568	9.61076
4570	9.61115
4572	9.6117
4574	9.61173
4576	9.61181
4578	9.6117
4580	9.61164
4582	9.61163
4584	9.61138
4586	9.61133
4588	9.6112
4590	9.61076
4592	9.61049
4594	9.6113
4596	9.61121
4598	9.61064
4600	9.61037
4602	9.61062
4604	9.61093
4606	9.61058
4608	9.61047
4610	9.6102
4612	9.61083
4614	9.61092
4616	9.61162
4618	9.6116
4620	9.61108
4622	9.61067
4624	9.61126
4626	9.61196
4628	9.6121
4630	9.61209
4632	9.61172
4634	9.61212
4636	9.61205
4638	9.612
4640	9.61257
4642	9.61251
4644	9.61119
4646	9.61032
4648	9.61064
4650	9.61123
4652	9.61189
4654	9.61219
4656	9.61223
4658	9.61221
4660	9.61317
4662	9.61208
4664	9.6124
4666	9.61274
4668	9.61262
4670	9.61278
4672	9.61246
4674	9.61198
4676	9.61241
4678	9.61238
4680	9.61193
4682	9.61227
4684	9.61151
4686	9.61072
4688	9.60854
4690	9.6066
4692	9.606
4694	9.60566
4696	9.60603
4698	9.60595
4700	9.6056
4702	9.6051
4704	9.60423
4706	9.60653
4708	9.60793
4710	9.60796
4712	9.60772
4714	9.60692
4716	9.60628
4718	9.60675
4720	9.60717
4722	9.60749
4724	9.60853
4726	9.60986
4728	9.60985
4730	9.60998
4732	9.60908
4734	9.60861
4736	9.60922
4738	9.60985
4740	9.61047
4742	9.61122
4744	9.61097
4746	9.61172
4748	9.61113
4750	9.61128
4752	9.61165
4754	9.61197
4756	9.61217
4758	9.61238
4760	9.61194
4762	9.61147
4764	9.61244
4766	9.61254
4768	9.61176
4770	9.61183
4772	9.61225
4774	9.61277
4776	9.61292
4778	9.61224
4780	9.61264
4782	9.61313
4784	9.61371
4786	9.61301
4788	9.61393
4790	9.61485
4792	9.61483
4794	9.61369
4796	9.61326
4798	9.61255
4800	9.61254
4802	9.61384
4804	9.61339
4806	9.61308
4808	9.61327
4810	9.61461
4812	9.61489
4814	9.61489
4816	9.61463
4818	9.61448
4820	9.6148
4822	9.61535
4824	9.61492
4826	9.61399
4828	9.61389
4830	9.61391
4832	9.61374
4834	9.61344
4836	9.61397
4838	9.61427
4840	9.6144
4842	9.61374
4844	9.61386
4846	9.61308
4848	9.61305
4850	9.6135
4852	9.61405
4854	9.61474
4856	9.61472
4858	9.61496
4860	9.6148
4862	9.61476
4864	9.61467
4866	9.61456
4868	9.61516
4870	9.61517
4872	9.61548
4874	9.6149
4876	9.61455
4878	9.61414
4880	9.61432
4882	9.61604
4884	9.61524
4886	9.61429
4888	9.61416
4890	9.6152
4892	9.6145
4894	9.61466
4896	9.61562
4898	9.61564
4900	9.61529
4902	9.615
4904	9.61541
4906	9.61576
4908	9.61369
4910	9.61357
4912	9.61335
4914	9.61357
4916	9.61439
4918	9.61525
4920	9.61447
4922	9.61459
4924	9.61476
4926	9.61423
4928	9.61406
4930	9.61446
4932	9.61488
4934	9.61494
4936	9.61538
4938	9.61536
4940	9.61514
4942	9.61535
4944	9.61515
4946	9.61571
4948	9.6151
4950	9.61526
4952	9.61562
4954	9.61534
4956	9.61503
4958	9.6151
4960	9.61542
4962	9.61529
4964	9.61424
4966	9.61499
4968	9.61569
4970	9.61603
4972	9.6159
4974	9.61558
4976	9.61495
4978	9.61556
4980	9.61617
4982	9.61607
4984	9.61561
4986	9.61589
4988	9.61583
4990	9.61517
4992	9.61639
4994	9.61677
4996	9.61645
4998	9.61615
5000	9.61647
5002	9.61722
5004	9.61731
5006	9.61735
5008	9.61793
5010	9.61755
5012	9.61764
5014	9.61736
5016	9.61741
5018	9.61748
5020	9.6166
5022	9.61601
5024	9.61642
5026	9.61677
5028	9.61609
5030	9.61547
5032	9.61543
5034	9.6154
5036	9.61575
5038	9.6159
5040	9.61532
5042	9.61568
5044	9.61546
5046	9.6139
5048	9.61235
5050	9.61155
5052	9.61162
5054	9.61168
5056	9.61103
5058	9.61215
5060	9.61263
5062	9.6128
5064	9.61336
5066	9.6145
5068	9.61581
5070	9.61781
5072	9.61708
5074	9.61564
5076	9.61575
5078	9.61522
5080	9.61505
5082	9.61507
5084	9.61578
5086	9.61596
5088	9.61693
5090	9.6174
5092	9.61774
5094	9.61733
5096	9.61757
5098	9.61879
5100	9.61791
5102	9.61729
5104	9.61778
5106	9.61728
5108	9.61662
5110	9.61701
5112	9.61761
5114	9.61721
5116	9.61697
5118	9.61678
5120	9.61635
5122	9.61601
5124	9.61657
5126	9.61668
5128	9.61636
5130	9.61637
5132	9.61583
5134	9.61632
5136	9.61633
5138	9.61743
5140	9.61681
5142	9.61665
5144	9.61685
5146	9.61793
5148	9.61782
5150	9.61794
5152	9.61786
5154	9.61798
5156	9.61756
5158	9.61769
5160	9.61719
5162	9.61722
5164	9.617
5166	9.61673
5168	9.61781
5170	9.61841
5172	9.61811
5174	9.61823
5176	9.61843
5178	9.61881
5180	9.61815
5182	9.61817
5184	9.61784
5186	9.61781
5188	9.61815
5190	9.61879
5192	9.6191
5194	9.61917
5196	9.6192
5198	9.61897
5200	9.61775
5202	9.6171
5204	9.61711
5206	9.61796
5208	9.61898
5210	9.61873
5212	9.61752
5214	9.61818
5216	9.61806
5218	9.61833
5220	9.61823
5222	9.61798
5224	9.61753
5226	9.61832
5228	9.61864
5230	9.61903
5232	9.61915
5234	9.61825
5236	9.61791
5238	9.61801
5240	9.61869
5242	9.61901
5244	9.61909
5246	9.61916
5248	9.61994
5250	9.62016
5252	9.61971
5254	9.61965
5256	9.62017
5258	9.62013
5260	9.61948
5262	9.61904
5264	9.62002
5266	9.62028
5268	9.62031
5270	9.62012
5272	9.62078
5274	9.62122
5276	9.62099
5278	9.62021
5280	9.61968
5282	9.61918
5284	9.61896
5286	9.61777
5288	9.61793
5290	9.61807
5292	9.6182
5294	9.61765
5296	9.61803
5298	9.61915
5300	9.6194
5302	9.61823
5304	9.61848
5306	9.61834
5308	9.61809
5310	9.61947
5312	9.61963
5314	9.61978
5316	9.61928
5318	9.61932
5320	9.61953
5322	9.61926
5324	9.61901
5326	9.61883
5328	9.62018
5330	9.62081
5332	9.61973
5334	9.62001
5336	9.62047
5338	9.62009
5340	9.62107
5342	9.62177
5344	9.62114
5346	9.62101
5348	9.62104
5350	9.62063
5352	9.62032
5354	9.62047
5356	9.62036
5358	9.62031
5360	9.6203
5362	9.62055
5364	9.62075
5366	9.62046
5368	9.62017
5370	9.61993
5372	9.61999
5374	9.6204
5376	9.61959
5378	9.6201
5380	9.62007
5382	9.62063
5384	9.62072
5386	9.62047
5388	9.62021
5390	9.61996
5392	9.62049
5394	9.62101
5396	9.62075
5398	9.62064
5400	9.62059
5402	9.62044
5404	9.6204
5406	9.61856
5408	9.61639
5410	9.61503
5412	9.61487
5414	9.61591
5416	9.61761
5418	9.61854
5420	9.61835
5422	9.61812
5424	9.61859
5426	9.62153
5428	9.62365
5430	9.62513
5432	9.62475
5434	9.62333
5436	9.6224
5438	9.62076
5440	9.62114
5442	9.62193
5444	9.62321
5446	9.62363
5448	9.62373
5450	9.62321
5452	9.62354
5454	9.62378
5456	9.62341
5458	9.62292
5460	9.62229
5462	9.62128
5464	9.6213
5466	9.62192
5468	9.62224
5470	9.62177
5472	9.62084
5474	9.62103
5476	9.62106
5478	9.62116
5480	9.621
5482	9.62104
5484	9.62162
5486	9.62097
5488	9.62087
5490	9.62124
5492	9.62091
5494	9.62054
5496	9.62135
5498	9.62138
5500	9.6221
5502	9.62159
5504	9.62145
5506	9.62246
5508	9.62291
5510	9.62294
5512	9.62246
5514	9.62159
5516	9.62139
5518	9.6218
5520	9.62207
5522	9.62215
5524	9.62207
5526	9.62173
5528	9.62163
5530	9.62129
5532	9.62152
5534	9.62181
5536	9.62166
5538	9.62188
5540	9.62154
5542	9.62203
5544	9.62216
5546	9.62195
5548	9.62195
5550	9.62158
5552	9.62175
5554	9.62182
5556	9.62182
5558	9.62119
5560	9.6211
5562	9.6215
5564	9.62236
5566	9.62233
5568	9.6221
5570	9.62193
5572	9.62257
5574	9.62211
5576	9.62171
5578	9.62204
5580	9.62182
5582	9.62251
5584	9.62201
5586	9.62176
5588	9.62227
5590	9.62157
5592	9.62181
5594	9.62217
5596	9.62236
5598	9.62207
5600	9.62305
5602	9.62393
5604	9.6244
5606	9.62332
5608	9.62337
5610	9.62366
5612	9.624
5614	9.62302
5616	9.62251
5618	9.62365
5620	9.62289
5622	9.62193
5624	9.62205
5626	9.62151
5628	9.62225
5630	9.6235
5632	9.62373
5634	9.62319
5636	9.62215
5638	9.62183
5640	9.62223
5642	9.62279
5644	9.62329
5646	9.62254
5648	9.62197
5650	9.62283
5652	9.62285
5654	9.62366
5656	9.62383
5658	9.62377
5660	9.62299
5662	9.62244
5664	9.62319
5666	9.62359
5668	9.62288
5670	9.62299
5672	9.62265
5674	9.62145
5676	9.62244
5678	9.62391
5680	9.62304
5682	9.62281
5684	9.62308
5686	9.6226
5688	9.62335
5690	9.62297
5692	9.62257
5694	9.62305
5696	9.62396
5698	9.62396
5700	9.62357
5702	9.62349
5704	9.62254
5706	9.62258
5708	9.62326
5710	9.62243
5712	9.62321
5714	9.6244
5716	9.6247
5718	9.62412
5720	9.62435
5722	9.62496
5724	9.62458
5726	9.62484
5728	9.62402
5730	9.62397
5732	9.62415
5734	9.62319
5736	9.62371
5738	9.62383
5740	9.62387
5742	9.62328
5744	9.62343
5746	9.62356
5748	9.6238
5750	9.62389
5752	9.62351
5754	9.62319
5756	9.62298
5758	9.62307
5760	9.62297
5762	9.62222
5764	9.62344
5766	9.62279
5768	9.62082
5770	9.6196
5772	9.61947
5774	9.6205
5776	9.62112
5778	9.62194
5780	9.62259
5782	9.6237
5784	9.62483
5786	9.62653
5788	9.62882
5790	9.63029
5792	9.63096
5794	9.63035
5796	9.62942
5798	9.62955
5800	9.62955
5802	9.62945
5804	9.62946
5806	9.62919
5808	9.62922
5810	9.6287
5812	9.62893
5814	9.6285
5816	9.62833
5818	9.62814
5820	9.62794
5822	9.62829
5824	9.62849
5826	9.62782
5828	9.62693
5830	9.62611
5832	9.62458
5834	9.62469
5836	9.625
5838	9.62576
5840	9.62585
5842	9.62559
5844	9.62537
5846	9.62608
5848	9.62713
5850	9.6264
5852	9.62641
5854	9.62705
5856	9.62565
5858	9.62466
5860	9.62505
5862	9.62531
5864	9.6254
5866	9.62496
5868	9.62475
5870	9.62485
5872	9.62453
5874	9.62423
5876	9.62521
5878	9.62502
5880	9.62481
5882	9.62518
5884	9.62484
5886	9.62486
5888	9.62477
5890	9.62467
5892	9.62428
5894	9.62437
5896	9.6252
5898	9.62461
5900	9.62522
5902	9.62462
5904	9.6245
5906	9.62407
5908	9.62461
5910	9.62538
5912	9.62464
5914	9.62497
5916	9.62487
5918	9.62459
5920	9.62492
5922	9.62515
5924	9.62605
5926	9.62652
5928	9.62583
5930	9.62606
5932	9.62646
5934	9.62689
5936	9.62621
5938	9.62585
5940	9.62672
5942	9.6268
5944	9.62622
5946	9.62677
5948	9.62685
5950	9.62653
5952	9.62607
5954	9.62563
5956	9.62652
5958	9.62732
5960	9.62649
5962	9.62585
5964	9.62597
5966	9.62562
5968	9.62557
5970	9.62655
5972	9.62737
5974	9.6274
5976	9.62644
5978	9.62614
5980	9.62556
5982	9.62574
5984	9.62589
5986	9.62671
5988	9.62658
5990	9.62618
5992	9.6269
5994	9.62581
5996	9.62595
5998	9.62636
6000	9.62614
6002	9.62658
6004	9.6262
6006	9.62522
6008	9.62599
6010	9.62558
6012	9.62542
6014	9.62535
6016	9.62505
6018	9.62508
6020	9.62563
6022	9.62612
6024	9.62554
6026	9.62535
6028	9.62578
6030	9.62596
6032	9.62608
6034	9.6262
6036	9.62651
6038	9.62676
6040	9.62675
6042	9.62588
6044	9.62556
6046	9.62594
6048	9.62606
6050	9.6267
6052	9.62746
6054	9.62689
6056	9.6255
6058	9.62494
6060	9.62591
6062	9.62755
6064	9.62675
6066	9.62705
6068	9.62674
6070	9.62667
6072	9.62689
6074	9.62775
6076	9.62736
6078	9.62744
6080	9.62696
6082	9.62714
6084	9.62719
6086	9.62735
6088	9.62695
6090	9.62736
6092	9.62714
6094	9.62733
6096	9.62742
6098	9.62666
6100	9.62567
6102	9.62593
6104	9.627
6106	9.62645
6108	9.62559
6110	9.62589
6112	9.62658
6114	9.62745
6116	9.62739
6118	9.62731
6120	9.6273
6122	9.62738
6124	9.62782
6126	9.62664
6128	9.62502
6130	9.62347
6132	9.62379
6134	9.62516
6136	9.6256
6138	9.62702
6140	9.62788
6142	9.62972
6144	9.63055
6146	9.63187
6148	9.63452
6150	9.63665
6152	9.6368
6154	9.63665
6156	9.636
6158	9.6351
6160	9.63432
6162	9.63393
6164	9.63322
6166	9.63373
6168	9.63415
6170	9.63323
6172	9.6334
6174	9.63322
6176	9.63218
6178	9.63161
6180	9.63086
6182	9.63101
6184	9.63061
6186	9.62969
6188	9.6301
6190	9.63048
6192	9.62953
6194	9.62871
6196	9.6292
6198	9.6296
6200	9.63007
6202	9.62974
6204	9.62999
6206	9.63014
6208	9.62935
6210	9.62934
6212	9.62968
6214	9.62931
6216	9.62962
6218	9.62977
6220	9.62879
6222	9.62817
6224	9.62854
6226	9.62936
6228	9.62901
6230	9.62875
6232	9.6291
6234	9.62848
6236	9.62811
6238	9.62913
6240	9.629
6242	9.62825
6244	9.62901
6246	9.62975
6248	9.63042
6250	9.62995
6252	9.62988
6254	9.63021
6256	9.62903
6258	9.62884
6260	9.62852
6262	9.6277
6264	9.62722
6266	9.62797
6268	9.62872
6270	9.62846
6272	9.62833
6274	9.62847
6276	9.62822
6278	9.62847
6280	9.62902
6282	9.62911
6284	9.62988
6286	9.62985
6288	9.62956
6290	9.6297
6292	9.629
6294	9.62856
6296	9.62871
6298	9.62885
6300	9.62926
6302	9.62845
6304	9.62872
6306	9.629
6308	9.62987
6310	9.62921
6312	9.62885
6314	9.62859
6316	9.62843
6318	9.62872
6320	9.62899
6322	9.62878
6324	9.62846
6326	9.62922
6328	9.62935
6330	9.62881
6332	9.62901
6334	9.62893
6336	9.62889
6338	9.62922
6340	9.62904
6342	9.62906
6344	9.62917
6346	9.62964
6348	9.62951
6350	9.62873
6352	9.62889
6354	9.62858
6356	9.6288
6358	9.62914
6360	9.62885
6362	9.62899
6364	9.62846
6366	9.62875
6368	9.62939
6370	9.62938
6372	9.62897
6374	9.62899
6376	9.62865
6378	9.62832
6380	9.62856
6382	9.62893
6384	9.62867
6386	9.62897
6388	9.62963
6390	9.63006
6392	9.62995
6394	9.63001
6396	9.62982
6398	9.62889
6400	9.62875
6402	9.63007
6404	9.63017
6406	9.62931
6408	9.62896
6410	9.62944
6412	9.62898
6414	9.62873
6416	9.62852
6418	9.62969
6420	9.63072
6422	9.63088
6424	9.63029
6426	9.63001
6428	9.62941
6430	9.62936
6432	9.62968
6434	9.62931
6436	9.62968
6438	9.62962
6440	9.6296
6442	9.63031
6444	9.63043
6446	9.62976
6448	9.62965
6450	9.62984
6452	9.63058
6454	9.6297
6456	9.62895
6458	9.62999
6460	9.63032
6462	9.63108
6464	9.63166
6466	9.6312
6468	9.63069
6470	9.63068
6472	9.62988
6474	9.63019
6476	9.63076
6478	9.63048
6480	9.62995
6482	9.62898
6484	9.62987
6486	9.62926
6488	9.6279
6490	9.62539
6492	9.62558
6494	9.62721
6496	9.62987
6498	9.63007
6500	9.63082
6502	9.63163
6504	9.63385
6506	9.63673
6508	9.63979
6510	9.64249
6512	9.64297
6514	9.6426
6516	9.64158
6518	9.6401
6520	9.63994
6522	9.63981
6524	9.63882
6526	9.63757
6528	9.63676
6530	9.63666
6532	9.63754
6534	9.63758
6536	9.63668
6538	9.63579
6540	9.63484
6542	9.63413
6544	9.63332
6546	9.63293
6548	9.63381
6550	9.63424
6552	9.63396
6554	9.63321
6556	9.63266
6558	9.63229
6560	9.6325
6562	9.63266
6564	9.63281
6566	9.63245
6568	9.63143
6570	9.63124
6572	9.63099
6574	9.63189
6576	9.63209
6578	9.63146
6580	9.63076
6582	9.63107
6584	9.63044
6586	9.63082
6588	9.63088
6590	9.63126
6592	9.63095
6594	9.62979
6596	9.63011
6598	9.63059
6600	9.63025
6602	9.62986
6604	9.63044
6606	9.63058
6608	9.63087
6610	9.63177
6612	9.63135
6614	9.63128
6616	9.63124
6618	9.63085
6620	9.6307
6622	9.63077
6624	9.63142
6626	9.63198
6628	9.63178
6630	9.63192
6632	9.63108
6634	9.63174
6636	9.63199
6638	9.63178
6640	9.63221
6642	9.6327
6644	9.63419
6646	9.63367
6648	9.63268
6650	9.63264
6652	9.63127
6654	9.63092
6656	9.63087
6658	9.63139
6660	9.63128
6662	9.6314
6664	9.63234
6666	9.63203
6668	9.63169
6670	9.63193
6672	9.63174
6674	9.63173
6676	9.63235
6678	9.63203
6680	9.63247
6682	9.63176
6684	9.63147
6686	9.63216
6688	9.63224
6690	9.63177
6692	9.63109
6694	9.63137
6696	9.63116
6698	9.6316
6700	9.63257
6702	9.63317
6704	9.63233
6706	9.63172
6708	9.63141
6710	9.63171
6712	9.63214
6714	9.63177
6716	9.63173
6718	9.63183
6720	9.63201
6722	9.63203
6724	9.63272
6726	9.6326
6728	9.63193
6730	9.63216
6732	9.63231
6734	9.63207
6736	9.63167
6738	9.63185
6740	9.63214
6742	9.6318
6744	9.63182
6746	9.63115
6748	9.63139
6750	9.63175
6752	9.63259
6754	9.63227
6756	9.63163
6758	9.63236
6760	9.63331
6762	9.63235
6764	9.63266
6766	9.63304
6768	9.63183
6770	9.63183
6772	9.63223
6774	9.63193
6776	9.63182
6778	9.6321
6780	9.63283
6782	9.63328
6784	9.63272
6786	9.63264
6788	9.6331
6790	9.63272
6792	9.63297
6794	9.63328
6796	9.6327
6798	9.63116
6800	9.63038
6802	9.63077
6804	9.63147
6806	9.63199
6808	9.63199
6810	9.63159
6812	9.6328
6814	9.63334
6816	9.63203
6818	9.63187
6820	9.63262
6822	9.63243
6824	9.63236
6826	9.63225
6828	9.63277
6830	9.63207
6832	9.63195
6834	9.63208
6836	9.63173
6838	9.6319
6840	9.63177
6842	9.63214
6844	9.63233
6846	9.63168
6848	9.62992
6850	9.62829
6852	9.62819
6854	9.62928
6856	9.63123
6858	9.6326
6860	9.63458
6862	9.63696
6864	9.63758
6866	9.63982
6868	9.64323
6870	9.64596
6872	9.64716
6874	9.64662
6876	9.64486
6878	9.64377
6880	9.6431
6882	9.64271
6884	9.64184
6886	9.6406
6888	9.64066
6890	9.64039
6892	9.64026
6894	9.64071
6896	9.6403
6898	9.63837
6900	9.63743
6902	9.63733
6904	9.63793
6906	9.6377
6908	9.63688
6910	9.63595
6912	9.63642
6914	9.63594
6916	9.63564
6918	9.63526
6920	9.6357
6922	9.63537
6924	9.63513
6926	9.63488
6928	9.63465
6930	9.63423
6932	9.63427
6934	9.63389
6936	9.63369
6938	9.63359
6940	9.63295
6942	9.63282
6944	9.63384
6946	9.63431
6948	9.63433
6950	9.63352
6952	9.63361
6954	9.63332
6956	9.6343
6958	9.63432
6960	9.6348
6962	9.63574
6964	9.63512
6966	9.63439
6968	9.63465
6970	9.63487
6972	9.63484
6974	9.63463
6976	9.63365
6978	9.63379
6980	9.63363
6982	9.63343
6984	9.63395
6986	9.63354
6988	9.6336
6990	9.63358
6992	9.63491
6994	9.6351
6996	9.63471
6998	9.63338
7000	9.63313
7002	9.6334
7004	9.63342
7006	9.63367
7008	9.6339
7010	9.63352
7012	9.63334
7014	9.63331
7016	9.63337
7018	9.63386
7020	9.6339
7022	9.63386
7024	9.63364
7026	9.63445
7028	9.63434
7030	9.6341
7032	9.63322
7034	9.63365
7036	9.63473
7038	9.63513
7040	9.63486
7042	9.63488
7044	9.63471
7046	9.63362
7048	9.63472
7050	9.63559
7052	9.63481
7054	9.63525
7056	9.63547
7058	9.63533
7060	9.63486
7062	9.63447
7064	9.63381
7066	9.63425
7068	9.63441
7070	9.63327
7072	9.63335
7074	9.63356
7076	9.63415
7078	9.63476
7080	9.63473
7082	9.63448
7084	9.63508
7086	9.63462
7088	9.63351
7090	9.63429
7092	9.63372
7094	9.6338
7096	9.63352
7098	9.63387
7100	9.63358
7102	9.63384
7104	9.63452
7106	9.63466
7108	9.63402
7110	9.63348
7112	9.63169
7114	9.63171
7116	9.63209
7118	9.63272
7120	9.63346
7122	9.63369
7124	9.63402
7126	9.63458
7128	9.63448
7130	9.63426
7132	9.63452
7134	9.6349
7136	9.63459
7138	9.6351
7140	9.63529
7142	9.63523
7144	9.63485
7146	9.63564
7148	9.63589
7150	9.63557
7152	9.63553
7154	9.63552
7156	9.63627
7158	9.63684
7160	9.63672
7162	9.63614
7164	9.63538
7166	9.63516
7168	9.63463
7170	9.63544
7172	9.63521
7174	9.63394
7176	9.63454
7178	9.63453
7180	9.63429
7182	9.63479
7184	9.63439
7186	9.63461
7188	9.63524
7190	9.63561
7192	9.63531
7194	9.63582
7196	9.63639
7198	9.63699
7200	9.63671
7202	9.63573
7204	9.63552
7206	9.63409
7208	9.63166
7210	9.63097
7212	9.63119
7214	9.63315
7216	9.63497
7218	9.6367
7220	9.6381
7222	9.64031
7224	9.64258
7226	9.64353
7228	9.64557
7230	9.64791
7232	9.64897
7234	9.64863
7236	9.64807
7238	9.64798
7240	9.64862
7242	9.64815
7244	9.6481
7246	9.64717
7248	9.64626
7250	9.64565
7252	9.64352
7254	9.6429
7256	9.6425
7258	9.64273
7260	9.64221
7262	9.6413
7264	9.64161
7266	9.64066
7268	9.6402
7270	9.64174
7272	9.64139
7274	9.64111
7276	9.64074
7278	9.64017
7280	9.63899
7282	9.63791
7284	9.63861
7286	9.63769
7288	9.63696
7290	9.63652
7292	9.63594
7294	9.63694
7296	9.63691
7298	9.63723
7300	9.63671
7302	9.63685
7304	9.63703
7306	9.63653
7308	9.63632
7310	9.63645
7312	9.63742
7314	9.63719
7316	9.63757
7318	9.63716
7320	9.63644
7322	9.63699
7324	9.63721
7326	9.63743
7328	9.63731
7330	9.63735
7332	9.63758
7334	9.63801
7336	9.63751
7338	9.63653
7340	9.63603
7342	9.63698
7344	9.63752
7346	9.63672
7348	9.63707
7350	9.63777
7352	9.63686
7354	9.6376
7356	9.63666
7358	9.63634
7360	9.63591
7362	9.63586
7364	9.63592
7366	9.63544
7368	9.63529
7370	9.63492
7372	9.63605
7374	9.63667
7376	9.63602
7378	9.63539
7380	9.63587
7382	9.63674
7384	9.63725
7386	9.63632
7388	9.63629
7390	9.63685
7392	9.63668
7394	9.6367
7396	9.63679
7398	9.63694
7400	9.63652
7402	9.63653
7404	9.63693
7406	9.63619
7408	9.63636
7410	9.636
7412	9.63603
7414	9.63619
7416	9.63579
7418	9.63588
7420	9.63621
7422	9.63692
7424	9.63732
7426	9.6378
7428	9.63683
7430	9.63731
7432	9.63629
7434	9.6358
7436	9.63682
7438	9.63791
7440	9.63796
7442	9.63806
7444	9.63662
7446	9.63715
7448	9.63724
7450	9.6364
7452	9.6369
7454	9.63683
7456	9.63689
7458	9.6372
7460	9.63755
7462	9.63828
7464	9.63768
7466	9.63789
7468	9.63745
7470	9.63722
7472	9.63736
7474	9.63732
7476	9.63803
7478	9.63733
7480	9.63667
7482	9.63654
7484	9.63713
7486	9.63788
7488	9.63786
7490	9.63726
7492	9.63622
7494	9.63695
7496	9.63712
7498	9.63681
7500	9.63733
7502	9.63729
7504	9.63761
7506	9.63761
7508	9.63715
7510	9.6373
7512	9.63654
7514	9.63675
7516	9.63734
7518	9.63684
7520	9.63725
7522	9.6371
7524	9.63651
7526	9.63672
7528	9.63737
7530	9.63724
7532	9.63687
7534	9.63758
7536	9.63778
7538	9.63767
7540	9.63762
7542	9.63786
7544	9.6372
7546	9.63691
7548	9.63715
7550	9.63736
7552	9.63735
7554	9.63668
7556	9.63723
7558	9.63738
7560	9.63759
7562	9.63875
7564	9.6386
7566	9.63718
7568	9.63533
7570	9.63545
7572	9.63516
7574	9.63579
7576	9.63725
7578	9.63913
7580	9.64201
7582	9.64388
7584	9.64534
7586	9.64808
7588	9.65033
7590	9.65279
7592	9.65332
7594	9.65246
7596	9.65111
7598	9.65039
7600	9.64992
7602	9.64842
7604	9.64798
7606	9.64812
7608	9.64804
7610	9.64729
7612	9.64668
7614	9.6456
7616	9.64409
7618	9.64421
7620	9.64378
7622	9.64327
7624	9.64269
7626	9.64134
7628	9.64021
7630	9.64057
7632	9.64093
7634	9.64041
7636	9.64034
7638	9.64102
7640	9.64046
7642	9.63948
7644	9.63876
7646	9.63951
7648	9.6398
7650	9.63902
7652	9.64053
7654	9.64065
7656	9.63979
7658	9.63918
7660	9.63998
7662	9.63924
7664	9.639
7666	9.63881
7668	9.6384
7670	9.63831
7672	9.63881
7674	9.63891
7676	9.63798
7678	9.63734
7680	9.63776
7682	9.6387
7684	9.63891
7686	9.6388
7688	9.63882
7690	9.63819
7692	9.63896
7694	9.63894
7696	9.63915
7698	9.63907
7700	9.63884
7702	9.6382
7704	9.6383
7706	9.63823
7708	9.6378
7710	9.63769
7712	9.63799
7714	9.63785
7716	9.63787
7718	9.63777
7720	9.63763
7722	9.63789
7724	9.63852
7726	9.63843
7728	9.63812
7730	9.63839
7732	9.63858
7734	9.63939
7736	9.63921
7738	9.63911
7740	9.63956
7742	9.63938
7744	9.63887
7746	9.63967
7748	9.63965
7750	9.63825
7752	9.63795
7754	9.63849
7756	9.63752
7758	9.63842
7760	9.63903
7762	9.63838
7764	9.63947
7766	9.63879
7768	9.63894
7770	9.63929
7772	9.63809
7774	9.63752
7776	9.63801
7778	9.63796
7780	9.63847
7782	9.6388
7784	9.63918
7786	9.63918
7788	9.63876
7790	9.6386
7792	9.63967
7794	9.63951
7796	9.63931
7798	9.63869
7800	9.63752
7802	9.63787
7804	9.6385
7806	9.63948
7808	9.63959
7810	9.63959
7812	9.6392
7814	9.63896
7816	9.63899
7818	9.639
7820	9.63914
7822	9.63833
7824	9.6377
7826	9.63673
7828	9.63715
7830	9.63882
7832	9.63884
7834	9.63924
7836	9.63903
7838	9.63928
7840	9.63875
7842	9.63828
7844	9.63957
7846	9.63941
7848	9.6398
7850	9.64016
7852	9.64007
7854	9.64004
7856	9.63979
7858	9.64018
7860	9.64034
7862	9.63955
7864	9.6384
7866	9.63786
7868	9.63773
7870	9.63901
7872	9.63871
7874	9.63877
7876	9.63904
7878	9.6395
7880	9.64011
7882	9.64053
7884	9.63952
7886	9.63882
7888	9.6383
7890	9.63908
7892	9.63909
7894	9.63993
7896	9.6398
7898	9.63914
7900	9.63908
7902	9.63927
7904	9.63907
7906	9.63912
7908	9.63862
7910	9.63912
7912	9.63912
7914	9.63934
7916	9.63745
7918	9.6389
7920	9.6403
7922	9.64036
7924	9.64042
7926	9.63864
7928	9.63731
7930	9.63642
7932	9.6361
7934	9.63722
7936	9.63856
7938	9.64014
7940	9.64202
7942	9.64391
7944	9.6458
7946	9.6487
7948	9.65121
7950	9.65364
7952	9.65482
7954	9.65536
7956	9.65488
7958	9.65399
7960	9.65279
7962	9.65165
7964	9.65221
7966	9.65155
7968	9.65008
7970	9.64984
7972	9.6494
7974	9.64837
7976	9.64687
7978	9.64646
7980	9.6459
7982	9.6455
7984	9.64522
7986	9.64381
7988	9.64353
7990	9.64372
7992	9.6437
7994	9.64251
7996	9.64304
7998	9.6431
8000	9.64253
8002	9.64245
8004	9.64257
8006	9.64167
8008	9.64148
8010	9.64087
8012	9.64099
8014	9.64119
8016	9.64137
8018	9.6416
8020	9.64184
8022	9.64118
8024	9.64035
8026	9.6399
8028	9.64073
8030	9.64051
8032	9.63988
8034	9.63911
8036	9.63988
8038	9.6396
8040	9.64023
8042	9.64097
8044	9.6412
8046	9.64186
8048	9.6416
8050	9.64152
8052	9.64104
8054	9.64111
8056	9.64074
8058	9.64099
8060	9.64099
8062	9.64085
8064	9.64157
8066	9.6406
8068	9.63981
8070	9.64024
8072	9.64099
8074	9.6414
8076	9.64158
8078	9.64154
8080	9.642
8082	9.64175
8084	9.64136
8086	9.64048
8088	9.63992
8090	9.64037
8092	9.64133
8094	9.64167
8096	9.64134
8098	9.64068
8100	9.64063
8102	9.64076
8104	9.64058
8106	9.64114
8108	9.64212
8110	9.64243
8112	9.64199
8114	9.64281
8116	9.64226
8118	9.64172
8120	9.64155
8122	9.64153
8124	9.64152
8126	9.64105
8128	9.64129
8130	9.64103
8132	9.64123
8134	9.64095
8136	9.64088
8138	9.64176
8140	9.64189
8142	9.64043
8144	9.63995
8146	9.63978
8148	9.64081
8150	9.6418
8152	9.64156
8154	9.6415
8156	9.64271
8158	9.64258
8160	9.64158
8162	9.64094
8164	9.64067
8166	9.64028
8168	9.64004
8170	9.63933
8172	9.6395
8174	9.64086
8176	9.64143
8178	9.63965
8180	9.63959
8182	9.63979
8184	9.63976
8186	9.63942
8188	9.63977
8190	9.63946
8192	9.64014
8194	9.64063
8196	9.64038
8198	9.64047
8200	9.64034
8202	9.64078
8204	9.64118
8206	9.64028
8208	9.64045
8210	9.64088
8212	9.64089
8214	9.64198
8216	9.64284
8218	9.64282
8220	9.64342
8222	9.64301
8224	9.64141
8226	9.64175
8228	9.64251
8230	9.64287
8232	9.64242
8234	9.64211
8236	9.64195
8238	9.64273
8240	9.64268
8242	9.64232
8244	9.64237
8246	9.64195
8248	9.64112
8250	9.64137
8252	9.64186
8254	9.64227
8256	9.64223
8258	9.64177
8260	9.64209
8262	9.64284
8264	9.64364
8266	9.6438
8268	9.64331
8270	9.64354
8272	9.64256
8274	9.64155
8276	9.64148
8278	9.64122
8280	9.64083
8282	9.64112
8284	9.6406
8286	9.6398
8288	9.63818
8290	9.63633
8292	9.63625
8294	9.63812
8296	9.64003
8298	9.64277
8300	9.64482
8302	9.64648
8304	9.64875
8306	9.6508
8308	9.65434
8310	9.65662
8312	9.65886
8314	9.65829
8316	9.65731
8318	9.65592
8320	9.65562
8322	9.65492
8324	9.65412
8326	9.65375
8328	9.65335
8330	9.65178
8332	9.65005
8334	9.64937
8336	9.64972
8338	9.64979
8340	9.64858
8342	9.64745
8344	9.64677
8346	9.64635
8348	9.64615
8350	9.64546
8352	9.64594
8354	9.64529
8356	9.64517
8358	9.64503
8360	9.64498
8362	9.64423
8364	9.64427
8366	9.64386
8368	9.64305
8370	9.64314
8372	9.64317
8374	9.64305
8376	9.64251
8378	9.64227
8380	9.64175
8382	9.64169
8384	9.6424
8386	9.64226
8388	9.64269
8390	9.64314
8392	9.64241
8394	9.64269
8396	9.64264
8398	9.64228
8400	9.64242
8402	9.64285
8404	9.64244
8406	9.64254
8408	9.64292
8410	9.64226
8412	9.64155
8414	9.6418
8416	9.64208
8418	9.64169
8420	9.64235
8422	9.64193
8424	9.64165
8426	9.64228
8428	9.64272
8430	9.64227
8432	9.64304
8434	9.64298
8436	9.64222
8438	9.64244
8440	9.64258
8442	9.64372
8444	9.64386
8446	9.64307
8448	9.64429
8450	9.64464
8452	9.64315
8454	9.64133
8456	9.64172
8458	9.64184
8460	9.64166
8462	9.64147
8464	9.64139
8466	9.64176
8468	9.64253
8470	9.64227
8472	9.64214
8474	9.64262
8476	9.6426
8478	9.64276
8480	9.64259
8482	9.64208
8484	9.64131
8486	9.64189
8488	9.64228
8490	9.6429
8492	9.64269
8494	9.64272
8496	9.64319
8498	9.64345
8500	9.64324
8502	9.64341
8504	9.64302
8506	9.64298
8508	9.64298
8510	9.64324
8512	9.64417
8514	9.64463
8516	9.64436
8518	9.64372
8520	9.64331
8522	9.64334
8524	9.64299
8526	9.64308
8528	9.6425
8530	9.64234
8532	9.64245
8534	9.64359
8536	9.64426
8538	9.64427
8540	9.64363
8542	9.64314
8544	9.64349
8546	9.64357
8548	9.64401
8550	9.64352
8552	9.64345
8554	9.64311
8556	9.64341
8558	9.64356
8560	9.64373
8562	9.64354
8564	9.64309
8566	9.6428
8568	9.64232
8570	9.64144
8572	9.64147
8574	9.64228
8576	9.64249
8578	9.64223
8580	9.64271
8582	9.64245
8584	9.64231
8586	9.64228
8588	9.64242
8590	9.64194
8592	9.64175
8594	9.64193
8596	9.64208
8598	9.64208
8600	9.6426
8602	9.6431
8604	9.64313
8606	9.64308
8608	9.64324
8610	9.64306
8612	9.64303
8614	9.64266
8616	9.64363
8618	9.64414
8620	9.64425
8622	9.64376
8624	9.64399
8626	9.64413
8628	9.64373
8630	9.64336
8632	9.6432
8634	9.64322
8636	9.64325
8638	9.64378
8640	9.64366
8642	9.64395
8644	9.64357
8646	9.64298
8648	9.64188
8650	9.64146
8652	9.64114
8654	9.6412
8656	9.6427
8658	9.6447
8660	9.64675
8662	9.6485
8664	9.64964
8666	9.65334
8668	9.65671
8670	9.65968
8672	9.66135
8674	9.66161
8676	9.66073
8678	9.65919
8680	9.65761
8682	9.65709
8684	9.65679
8686	9.65648
8688	9.6556
8690	9.654
8692	9.65369
8694	9.65334
8696	9.65277
8698	9.65202
8700	9.65088
8702	9.64974
8704	9.64897
8706	9.64825
8708	9.64813
8710	9.64755
8712	9.64662
8714	9.6465
8716	9.6458
8718	9.64482
8720	9.64522
8722	9.64481
8724	9.64508
8726	9.64556
8728	9.64595
8730	9.64547
8732	9.64562
8734	9.64658
8736	9.64643
8738	9.6461
8740	9.64552
8742	9.6448
8744	9.64454
8746	9.64449
8748	9.64401
8750	9.64427
8752	9.64458
8754	9.64439
8756	9.64411
8758	9.64316
8760	9.64282
8762	9.64337
8764	9.64235
8766	9.64205
8768	9.64198
8770	9.64309
8772	9.64336
8774	9.6429
8776	9.644
8778	9.64476
8780	9.64465
8782	9.64439
8784	9.6437
8786	9.64456
8788	9.64447
8790	9.64453
8792	9.64477
8794	9.64474
8796	9.64408
8798	9.64353
8800	9.64442
8802	9.64526
8804	9.6448
8806	9.64436
8808	9.64426
8810	9.64484
8812	9.64505
8814	9.64468
8816	9.64464
8818	9.64385
8820	9.64395
8822	9.64446
8824	9.64441
8826	9.64415
8828	9.64375
8830	9.64359
8832	9.64336
8834	9.64287
8836	9.64291
8838	9.64419
8840	9.64455
8842	9.64542
8844	9.64486
8846	9.64451
8848	9.64469
8850	9.64452
8852	9.6443
8854	9.64428
8856	9.64295
8858	9.64358
8860	9.64434
8862	9.64449
8864	9.64399
8866	9.64429
8868	9.64405
8870	9.64403
8872	9.644
8874	9.64417
8876	9.64421
8878	9.64456
8880	9.64362
8882	9.64293
8884	9.64385
8886	9.6443
8888	9.64375
8890	9.64373
8892	9.64406
8894	9.64467
8896	9.64434
8898	9.64439
8900	9.64479
8902	9.64423
8904	9.64405
8906	9.64365
8908	9.64387
8910	9.64423
8912	9.64468
8914	9.64466
8916	9.64421
8918	9.64403
8920	9.64477
8922	9.64556
8924	9.64514
8926	9.64428
8928	9.64461
8930	9.64557
8932	9.64614
8934	9.6458
8936	9.64511
8938	9.64528
8940	9.64629
8942	9.6462
8944	9.64575
8946	9.64585
8948	9.64556
8950	9.64469
8952	9.64448
8954	9.64445
8956	9.64473
8958	9.64441
8960	9.64347
8962	9.64329
8964	9.64328
8966	9.64425
8968	9.64398
8970	9.64339
8972	9.64446
8974	9.64513
8976	9.64438
8978	9.64496
8980	9.64552
8982	9.64487
8984	9.64468
8986	9.64362
8988	9.64339
8990	9.64412
8992	9.64469
8994	9.64418
8996	9.64495
8998	9.6458
9000	9.64603
9002	9.6458
9004	9.64532
9006	9.64485
9008	9.64369
9010	9.64209
9012	9.64107
9014	9.64285
9016	9.6458
9018	9.64723
9020	9.64937
9022	9.65118
9024	9.65351
9026	9.65682
9028	9.65977
9030	9.66243
9032	9.66348
9034	9.66311
9036	9.66213
9038	9.66144
9040	9.66048
9042	9.65953
9044	9.65889
9046	9.65841
9048	9.65675
9050	9.65577
9052	9.65558
9054	9.65449
9056	9.65326
9058	9.65302
9060	9.65329
9062	9.6518
9064	9.65122
9066	9.65138
9068	9.65067
9070	9.64962
9072	9.64865
9074	9.64831
9076	9.64823
9078	9.64783
9080	9.64652
9082	9.6465
9084	9.64638
9086	9.64627
9088	9.6461
9090	9.64583
9092	9.64556
9094	9.64579
9096	9.64623
9098	9.64587
9100	9.64588
9102	9.64494
9104	9.64525
9106	9.64515
9108	9.64502
9110	9.64492
9112	9.6463
9114	9.64613
9116	9.64631
9118	9.64622
9120	9.6461
9122	9.6465
9124	9.64633
9126	9.64658
9128	9.64693
9130	9.64694
9132	9.6463
9134	9.64655
9136	9.64607
9138	9.64578
9140	9.64667
9142	9.64586
9144	9.64604
9146	9.64655
9148	9.64599
9150	9.64592
9152	9.64559
9154	9.64616
9156	9.64577
9158	9.64489
9160	9.6446
9162	9.6444
9164	9.64439
9166	9.64451
9168	9.64477
9170	9.6448
9172	9.64438
9174	9.6449
9176	9.64524
9178	9.64546
9180	9.64604
9182	9.64602
9184	9.64588
9186	9.64656
9188	9.64639
9190	9.64687
9192	9.64696
9194	9.64751
9196	9.64713
9198	9.64655
9200	9.64575
9202	9.6454
9204	9.64572
9206	9.64529
9208	9.64573
9210	9.64639
9212	9.64648
9214	9.64584
9216	9.64481
9218	9.64529
9220	9.64571
9222	9.64535
9224	9.64597
9226	9.64612
9228	9.64618
9230	9.64603
9232	9.64656
9234	9.64658
9236	9.64657
9238	9.647
9240	9.64657
9242	9.64637
9244	9.64715
9246	9.64685
9248	9.64654
9250	9.64627
9252	9.64662
9254	9.64611
9256	9.64671
9258	9.64662
9260	9.64702
9262	9.64775
9264	9.64743
9266	9.64653
9268	9.64659
9270	9.647
9272	9.6466
9274	9.64535
9276	9.64585
9278	9.64527
9280	9.64377
9282	9.64425
9284	9.64534
9286	9.64521
9288	9.64516
9290	9.64594
9292	9.6457
9294	9.64603
9296	9.64555
9298	9.64512
9300	9.64626
9302	9.64643
9304	9.64574
9306	9.64599
9308	9.64539
9310	9.64574
9312	9.64693
9314	9.64685
9316	9.64728
9318	9.64702
9320	9.64738
9322	9.64685
9324	9.64595
9326	9.64574
9328	9.64662
9330	9.64672
9332	9.64713
9334	9.64681
9336	9.64654
9338	9.6464
9340	9.64751
9342	9.64706
9344	9.64641
9346	9.64664
9348	9.6468
9350	9.64643
9352	9.64661
9354	9.64652
9356	9.64619
9358	9.64673
9360	9.6463
9362	9.64664
9364	9.64642
9366	9.64721
9368	9.64616
9370	9.64443
9372	9.64312
9374	9.64451
9376	9.64724
9378	9.64899
9380	9.65126
9382	9.65243
9384	9.65428
9386	9.65626
9388	9.65961
9390	9.66335
9392	9.66587
9394	9.66566
9396	9.66457
9398	9.66307
9400	9.66158
9402	9.66111
9404	9.65987
9406	9.65871
9408	9.65833
9410	9.65764
9412	9.65799
9414	9.65751
9416	9.65564
9418	9.65368
9420	9.653
9422	9.65268
9424	9.65195
9426	9.65174
9428	9.65166
9430	9.65127
9432	9.65104
9434	9.6503
9436	9.65069
9438	9.65017
9440	9.64952
9442	9.64877
9444	9.64834
9446	9.64738
9448	9.64754
9450	9.64757
9452	9.64791
9454	9.6484
9456	9.64845
9458	9.64761
9460	9.64731
9462	9.64711
9464	9.64734
9466	9.647
9468	9.64581
9470	9.64621
9472	9.64654
9474	9.64617
9476	9.64692
9478	9.64797
9480	9.64745
9482	9.64716
9484	9.64846
9486	9.64824
9488	9.64831
9490	9.6481
9492	9.64805
9494	9.64723
9496	9.64768
9498	9.64769
9500	9.64736
9502	9.64791
9504	9.64757
9506	9.64698
9508	9.64714
9510	9.64737
9512	9.64733
9514	9.64726
9516	9.64677
9518	9.64678
9520	9.64678
9522	9.64671
9524	9.64775
9526	9.64748
9528	9.64702
9530	9.647
9532	9.64741
9534	9.64792
9536	9.64877
9538	9.64845
9540	9.64837
9542	9.64856
9544	9.64799
9546	9.64726
9548	9.64749
9550	9.6481
9552	9.64833
9554	9.64831
9556	9.64867
9558	9.64867
9560	9.64764
9562	9.64768
9564	9.64793
9566	9.64746
9568	9.64713
9570	9.6484
9572	9.64826
9574	9.64738
9576	9.64737
9578	9.64716
9580	9.64687
9582	9.64713
9584	9.64728
9586	9.64668
9588	9.64738
9590	9.64642
9592	9.64619
9594	9.64602
9596	9.64602
9598	9.64636
9600	9.64713
9602	9.64634
9604	9.64622
9606	9.64721
9608	9.64774
9610	9.64773
9612	9.64799
9614	9.64764
9616	9.64737
9618	9.64751
9620	9.64774
9622	9.64811
9624	9.64838
9626	9.64741
9628	9.64662
9630	9.64693
9632	9.64715
9634	9.64842
9636	9.64829
9638	9.64726
9640	9.64648
9642	9.64715
9644	9.64744
9646	9.64816
9648	9.64799
9650	9.64838
9652	9.64796
9654	9.64785
9656	9.64819
9658	9.64841
9660	9.64835
9662	9.64839
9664	9.64843
9666	9.64832
9668	9.64824
9670	9.64758
9672	9.64701
9674	9.64743
9676	9.64795
9678	9.64793
9680	9.64794
9682	9.64775
9684	9.64784
9686	9.64777
9688	9.64732
9690	9.64592
9692	9.64644
9694	9.64682
9696	9.64738
9698	9.64763
9700	9.64811
9702	9.64736
9704	9.64705
9706	9.64678
9708	9.64646
9710	9.64668
9712	9.64705
9714	9.64786
9716	9.64739
9718	9.64746
9720	9.64747
9722	9.64767
9724	9.64758
9726	9.64677
9728	9.64561
9730	9.64396
9732	9.64279
9734	9.64471
9736	9.64678
9738	9.64824
9740	9.65143
9742	9.65443
9744	9.65626
9746	9.65941
9748	9.66185
9750	9.66484
9752	9.66743
9754	9.66764
9756	9.66744
9758	9.6658
9760	9.66551
9762	9.66294
9764	9.66151
9766	9.66145
9768	9.66064
9770	9.66047
9772	9.6599
9774	9.65785
9776	9.65602
9778	9.65518
9780	9.65459
9782	9.6539
9784	9.6533
9786	9.65254
9788	9.65264
9790	9.65181
9792	9.6512
9794	9.65023
9796	9.65006
9798	9.64998
9800	9.65047
9802	9.65027
9804	9.64948
9806	9.64959
9808	9.64933
9810	9.64923
9812	9.64901
9814	9.64975
9816	9.64903
9818	9.64817
9820	9.64862
9822	9.64842
9824	9.64876
9826	9.64814
9828	9.6487
9830	9.64841
9832	9.64832
9834	9.64845
9836	9.64868
9838	9.64894
9840	9.64839
9842	9.64742
9844	9.64738
9846	9.64777
9848	9.6475
9850	9.6474
9852	9.64754
9854	9.64751
9856	9.64683
9858	9.64684
9860	9.64714
9862	9.64767
9864	9.64673
9866	9.64792
9868	9.64875
9870	9.6481
9872	9.64827
9874	9.64827
9876	9.64875
9878	9.64842
9880	9.64832
9882	9.64776
9884	9.64829
9886	9.64869
9888	9.64722
9890	9.64681
9892	9.64745
9894	9.64803
9896	9.64892
9898	9.64932
9900	9.6491
9902	9.64891
9904	9.64795
9906	9.64773
9908	9.64799
9910	9.64811
9912	9.64787
9914	9.64855
9916	9.64792
9918	9.64691
9920	9.64694
9922	9.64719
9924	9.64753
9926	9.64778
9928	9.64854
9930	9.64857
9932	9.6488
9934	9.64842
9936	9.64782
9938	9.64922
9940	9.64942
9942	9.64974
9944	9.64883
9946	9.64751
9948	9.64844
9950	9.64817
9952	9.64834
9954	9.6479
9956	9.64779
9958	9.64828
9960	9.64866
9962	9.6478
9964	9.64734
9966	9.64714
9968	9.64838
9970	9.64862
9972	9.64902
9974	9.64856
9976	9.64822
9978	9.64782
9980	9.64802
9982	9.64843
9984	9.64799
9986	9.64875
9988	9.64985
9990	9.64921
9992	9.64946
9994	9.65005
9996	9.64992
9998	9.64985
10000	9.64944
10002	9.64913
10004	9.64807
10006	9.64786
10008	9.64763
10010	9.64798
10012	9.64779
10014	9.64833
10016	9.6487
10018	9.64863
10020	9.64874
10022	9.64878
10024	9.64961
10026	9.6492
10028	9.64903
10030	9.6486
10032	9.64865
10034	9.64828
10036	9.64835
10038	9.64844
10040	9.64866
10042	9.64893
10044	9.64827
10046	9.64685
10048	9.64757
10050	9.64883
10052	9.64909
10054	9.6495
10056	9.64936
10058	9.64907
10060	9.64876
10062	9.64829
10064	9.64851
10066	9.64858
10068	9.64857
10070	9.64877
10072	9.64862
10074	9.64845
10076	9.64907
10078	9.64875
10080	9.64848
10082	9.64906
10084	9.64929
10086	9.64857
10088	9.64697
10090	9.64607
10092	9.64553
10094	9.64623
10096	9.64899
10098	9.65181
10100	9.65329
10102	9.6561
10104	9.65879
10106	9.66089
10108	9.66365
10110	9.66632
10112	9.66851
10114	9.66826
10116	9.66855
10118	9.66791
10120	9.66651
10122	9.66435
10124	9.66463
10126	9.66388
10128	9.66205
10130	9.66191
10132	9.66086
10134	9.65991
10136	9.65969
10138	9.65847
10140	9.65786
10142	9.65706
10144	9.65594
10146	9.65511
10148	9.65498
10150	9.65438
10152	9.6527
10154	9.6522
10156	9.65156
10158	9.65126
10160	9.65188
10162	9.65219
10164	9.65251
10166	9.65247
10168	9.65102
10170	9.65103
10172	9.65069
10174	9.65064
10176	9.65079
10178	9.65084
10180	9.65038
10182	9.65091
10184	9.65066
10186	9.65013
10188	9.65032
10190	9.64983
10192	9.64985
10194	9.64923
10196	9.64866
10198	9.64821
10200	9.6486
10202	9.64922
10204	9.6494
10206	9.64968
10208	9.65015
10210	9.64983
10212	9.64889
10214	9.64907
10216	9.64944
10218	9.64935
10220	9.64893
10222	9.64882
10224	9.64855
10226	9.64831
10228	9.64922
10230	9.64956
10232	9.64882
10234	9.64902
10236	9.64926
10238	9.64945
10240	9.64917
10242	9.64818
10244	9.64876
10246	9.64932
10248	9.64936
10250	9.65043
10252	9.65071
10254	9.65044
10256	9.64942
10258	9.64943
10260	9.64968
10262	9.64915
10264	9.64885
10266	9.64879
10268	9.64892
10270	9.64887
10272	9.6495
10274	9.65034
10276	9.64937
10278	9.64978
10280	9.64977
10282	9.65014
10284	9.65033
10286	9.6505
10288	9.65077
10290	9.65075
10292	9.65071
10294	9.64986
10296	9.64982
10298	9.64926
10300	9.65038
10302	9.65124
10304	9.65106
10306	9.65134
10308	9.65054
10310	9.65045
10312	9.65037
10314	9.65048
10316	9.65141
10318	9.65188
10320	9.65161
10322	9.65082
10324	9.65093
10326	9.65087
10328	9.65014
10330	9.64985
10332	9.64978
10334	9.65035
10336	9.65082
10338	9.64983
10340	9.64995
10342	9.6508
10344	9.65076
10346	9.64982
10348	9.6491
10350	9.64875
10352	9.64945
10354	9.64944
10356	9.64898
10358	9.64969
10360	9.65013
10362	9.65022
10364	9.65027
10366	9.64942
10368	9.64894
10370	9.64892
10372	9.64982
10374	9.65084
10376	9.64985
10378	9.65022
10380	9.65073
10382	9.65078
10384	9.65053
10386	9.65003
10388	9.64923
10390	9.64953
10392	9.64986
10394	9.65055
10396	9.65134
10398	9.65088
10400	9.6499
10402	9.64847
10404	9.64943
10406	9.64973
10408	9.65014
10410	9.64965
10412	9.64991
10414	9.64918
10416	9.64866
10418	9.64967
10420	9.65074
10422	9.64983
10424	9.64989
10426	9.64956
10428	9.64928
10430	9.64916
10432	9.64911
10434	9.64995
10436	9.64994
10438	9.6497
10440	9.65022
10442	9.65145
10444	9.65181
10446	9.65114
10448	9.6495
10450	9.64816
10452	9.64581
10454	9.64607
10456	9.64877
10458	9.65106
10460	9.65385
10462	9.65731
10464	9.65992
10466	9.6621
10468	9.66571
10470	9.66924
10472	9.67145
10474	9.67221
10476	9.67129
10478	9.66923
10480	9.66869
10482	9.66752
10484	9.66682
10486	9.66647
10488	9.66531
10490	9.66373
10492	9.6612
10494	9.66084
10496	9.66076
10498	9.65988
10500	9.65904
10502	9.65762
10504	9.6578
10506	9.65657
10508	9.65498
10510	9.65463
10512	9.65407
10514	9.65446
10516	9.65373
10518	9.65385
10520	9.65346
10522	9.65228
10524	9.6516
10526	9.6515
10528	9.65225
10530	9.65185
10532	9.65173
10534	9.65211
10536	9.65311
10538	9.65263
10540	9.65262
10542	9.65208
10544	9.65153
10546	9.65063
10548	9.65091
10550	9.65182
10552	9.65251
10554	9.65217
10556	9.65095
10558	9.65085
10560	9.65135
10562	9.65175
10564	9.65154
10566	9.65156
10568	9.65217
10570	9.65205
10572	9.65196
10574	9.65138
10576	9.6511
10578	9.65126
10580	9.65083
10582	9.65158
10584	9.65123
10586	9.65194
10588	9.65171
10590	9.6522
10592	9.65156
10594	9.65092
10596	9.65111
10598	9.65025
10600	9.65058
10602	9.65056
10604	9.64951
10606	9.64975
10608	9.65099
10610	9.65074
10612	9.65063
10614	9.65042
10616	9.65057
10618	9.65117
10620	9.65075
10622	9.65086
10624	9.65064
10626	9.65057
10628	9.65094
10630	9.65087
10632	9.65001
10634	9.65043
10636	9.65141
10638	9.65056
10640	9.64999
10642	9.65005
10644	9.65021
10646	9.65114
10648	9.6505
10650	9.64943
10652	9.65068
10654	9.65113
10656	9.65051
10658	9.65049
10660	9.65043
10662	9.65077
10664	9.65134
10666	9.65193
10668	9.65132
10670	9.65165
10672	9.65198
10674	9.65053
10676	9.6498
10678	9.64946
10680	9.65011
10682	9.64996
10684	9.6502
10686	9.65115
10688	9.65182
10690	9.65215
10692	9.65126
10694	9.6515
10696	9.65101
10698	9.65107
10700	9.65157
10702	9.65137
10704	9.65105
10706	9.65046
10708	9.64952
10710	9.65067
10712	9.65129
10714	9.65083
10716	9.6502
10718	9.65034
10720	9.65039
10722	9.65067
10724	9.65041
10726	9.65106
10728	9.65209
10730	9.65147
10732	9.65195
10734	9.65242
10736	9.65185
10738	9.65278
10740	9.65229
10742	9.65239
10744	9.65218
10746	9.65181
10748	9.65198
10750	9.65148
10752	9.65082
10754	9.65016
10756	9.65069
10758	9.65122
10760	9.65117
10762	9.65127
10764	9.65105
10766	9.65115
10768	9.65121
10770	9.65123
10772	9.65079
10774	9.65061
10776	9.65152
10778	9.65215
10780	9.65137
10782	9.65061
10784	9.65089
10786	9.65177
10788	9.65149
10790	9.65088
10792	9.65152
10794	9.65179
10796	9.65124
10798	9.65158
10800	9.65172
10802	9.65093
10804	9.65144
